i1	V(N001,N002)	V(N002,N003)	V(N003,N004)	V(n004)
0.000000000000000e+000	0.000000e+000	7.127969e-004	9.235044e-014	5.754705e-018
1.000000000000000e-004	5.955625e-001	2.253917e+000	4.798876e-001	5.058247e-002
2.000000000000000e-004	6.134906e-001	2.376451e+000	5.113541e-001	7.064922e-002
3.000000000000000e-004	6.239963e-001	2.446663e+000	5.298162e-001	8.340275e-002
4.000000000000000e-004	6.314194e-001	2.497612e+000	5.428787e-001	9.275880e-002
5.000000000000000e-004	6.372423e-001	2.537713e+000	5.531367e-001	1.002152e-001
6.000000000000001e-004	6.419318e-001	2.570122e+000	5.614097e-001	1.063143e-001
7.000000000000001e-004	6.459036e-001	2.597655e+000	5.684249e-001	1.115230e-001
8.000000000000002e-004	6.493526e-001	2.621638e+000	5.745243e-001	1.160721e-001
9.000000000000002e-004	6.523969e-001	2.642874e+000	5.799147e-001	1.201068e-001
1.000000000000000e-003	6.551208e-001	2.661934e+000	5.847438e-001	1.237312e-001
1.100000000000000e-003	6.575851e-001	2.679234e+000	5.891184e-001	1.270208e-001
1.200000000000000e-003	6.598353e-001	2.695077e+000	5.931175e-001	1.300324e-001
1.300000000000000e-003	6.619053e-001	2.709697e+000	5.968010e-001	1.328094e-001
1.400000000000000e-003	6.638222e-001	2.723276e+000	6.002157e-001	1.353856e-001
1.500000000000001e-003	6.656065e-001	2.735957e+000	6.033987e-001	1.377882e-001
1.600000000000001e-003	6.672757e-001	2.747856e+000	6.063799e-001	1.400392e-001
1.700000000000001e-003	6.688435e-001	2.759068e+000	6.091839e-001	1.421565e-001
1.800000000000001e-003	6.703222e-001	2.769671e+000	6.118307e-001	1.441553e-001
1.900000000000001e-003	6.717205e-001	2.779731e+000	6.143375e-001	1.460481e-001
2.000000000000001e-003	6.730471e-001	2.789304e+000	6.167187e-001	1.478455e-001
2.100000000000000e-003	6.743090e-001	2.798438e+000	6.189864e-001	1.495569e-001
2.200000000000000e-003	6.755126e-001	2.807173e+000	6.211512e-001	1.511900e-001
2.300000000000000e-003	6.766620e-001	2.815544e+000	6.232224e-001	1.527517e-001
2.400000000000000e-003	6.777627e-001	2.823584e+000	6.252078e-001	1.542481e-001
2.500000000000000e-003	6.788187e-001	2.831318e+000	6.271144e-001	1.556844e-001
2.599999999999999e-003	6.798332e-001	2.838771e+000	6.289485e-001	1.570652e-001
2.699999999999999e-003	6.808095e-001	2.845964e+000	6.307155e-001	1.583947e-001
2.799999999999999e-003	6.817498e-001	2.852916e+000	6.324203e-001	1.596766e-001
2.899999999999999e-003	6.826575e-001	2.859644e+000	6.340672e-001	1.609141e-001
2.999999999999999e-003	6.835346e-001	2.866163e+000	6.356603e-001	1.621104e-001
3.099999999999999e-003	6.843827e-001	2.872486e+000	6.372030e-001	1.632679e-001
3.199999999999998e-003	6.852038e-001	2.878627e+000	6.386985e-001	1.643893e-001
3.299999999999998e-003	6.859996e-001	2.884596e+000	6.401498e-001	1.654766e-001
3.399999999999998e-003	6.867719e-001	2.890404e+000	6.415593e-001	1.665319e-001
3.499999999999998e-003	6.875215e-001	2.896060e+000	6.429297e-001	1.675570e-001
3.599999999999998e-003	6.882501e-001	2.901573e+000	6.442631e-001	1.685537e-001
3.699999999999998e-003	6.889589e-001	2.906949e+000	6.455614e-001	1.695234e-001
3.799999999999997e-003	6.896486e-001	2.912198e+000	6.468268e-001	1.704677e-001
3.899999999999997e-003	6.903205e-001	2.917325e+000	6.480606e-001	1.713877e-001
3.999999999999998e-003	6.909752e-001	2.922336e+000	6.492647e-001	1.722847e-001
4.099999999999998e-003	6.916139e-001	2.927238e+000	6.504405e-001	1.731599e-001
4.199999999999998e-003	6.922369e-001	2.932035e+000	6.515893e-001	1.740143e-001
4.299999999999998e-003	6.928461e-001	2.936732e+000	6.527123e-001	1.748488e-001
4.399999999999999e-003	6.934404e-001	2.941335e+000	6.538109e-001	1.756644e-001
4.499999999999999e-003	6.940215e-001	2.945847e+000	6.548861e-001	1.764619e-001
4.599999999999999e-003	6.945899e-001	2.950272e+000	6.559388e-001	1.772422e-001
4.699999999999999e-003	6.951463e-001	2.954614e+000	6.569702e-001	1.780058e-001
4.800000000000000e-003	6.956909e-001	2.958876e+000	6.579811e-001	1.787537e-001
4.900000000000000e-003	6.962242e-001	2.963062e+000	6.589722e-001	1.794862e-001
5.000000000000000e-003	6.967466e-001	2.967175e+000	6.599445e-001	1.802042e-001
5.100000000000000e-003	6.972589e-001	2.971218e+000	6.608987e-001	1.809082e-001
5.200000000000001e-003	6.977615e-001	2.975193e+000	6.618354e-001	1.815986e-001
5.300000000000001e-003	6.982541e-001	2.979104e+000	6.627554e-001	1.822761e-001
5.400000000000001e-003	6.987374e-001	2.982952e+000	6.636593e-001	1.829411e-001
5.500000000000001e-003	6.992118e-001	2.986739e+000	6.645476e-001	1.835941e-001
5.600000000000002e-003	6.996782e-001	2.990469e+000	6.654208e-001	1.842354e-001
5.700000000000002e-003	7.001359e-001	2.994142e+000	6.662797e-001	1.848656e-001
5.800000000000002e-003	7.005858e-001	2.997761e+000	6.671246e-001	1.854849e-001
5.900000000000003e-003	7.010276e-001	3.001328e+000	6.679561e-001	1.860938e-001
6.000000000000003e-003	7.014625e-001	3.004845e+000	6.687745e-001	1.866926e-001
6.100000000000003e-003	7.018902e-001	3.008313e+000	6.695803e-001	1.872817e-001
6.200000000000003e-003	7.023108e-001	3.011734e+000	6.703740e-001	1.878612e-001
6.300000000000004e-003	7.027242e-001	3.015109e+000	6.711559e-001	1.884317e-001
6.400000000000004e-003	7.031317e-001	3.018440e+000	6.719263e-001	1.889933e-001
6.500000000000004e-003	7.035329e-001	3.021728e+000	6.726857e-001	1.895463e-001
6.600000000000004e-003	7.039278e-001	3.024974e+000	6.734343e-001	1.900910e-001
6.700000000000005e-003	7.043169e-001	3.028180e+000	6.741726e-001	1.906276e-001
6.800000000000005e-003	7.047000e-001	3.031347e+000	6.749007e-001	1.911563e-001
6.900000000000005e-003	7.050776e-001	3.034475e+000	6.756191e-001	1.916775e-001
7.000000000000005e-003	7.054498e-001	3.037568e+000	6.763279e-001	1.921912e-001
7.100000000000006e-003	7.058165e-001	3.040624e+000	6.770275e-001	1.926978e-001
7.200000000000006e-003	7.061784e-001	3.043645e+000	6.777181e-001	1.931974e-001
7.300000000000006e-003	7.065349e-001	3.046632e+000	6.784000e-001	1.936902e-001
7.400000000000006e-003	7.068870e-001	3.049587e+000	6.790733e-001	1.941764e-001
7.500000000000007e-003	7.072344e-001	3.052509e+000	6.797384e-001	1.946562e-001
7.600000000000007e-003	7.075765e-001	3.055401e+000	6.803954e-001	1.951297e-001
7.700000000000007e-003	7.079146e-001	3.058261e+000	6.810445e-001	1.955971e-001
7.800000000000007e-003	7.082486e-001	3.061092e+000	6.816861e-001	1.960586e-001
7.900000000000008e-003	7.085781e-001	3.063895e+000	6.823201e-001	1.965142e-001
8.000000000000007e-003	7.089033e-001	3.066669e+000	6.829469e-001	1.969643e-001
8.100000000000007e-003	7.092247e-001	3.069415e+000	6.835666e-001	1.974088e-001
8.200000000000006e-003	7.095420e-001	3.072135e+000	6.841795e-001	1.978479e-001
8.300000000000005e-003	7.098558e-001	3.074829e+000	6.847856e-001	1.982819e-001
8.400000000000005e-003	7.101655e-001	3.077497e+000	6.853851e-001	1.987107e-001
8.500000000000004e-003	7.104716e-001	3.080141e+000	6.859781e-001	1.991345e-001
8.600000000000004e-003	7.107739e-001	3.082760e+000	6.865650e-001	1.995534e-001
8.700000000000003e-003	7.110729e-001	3.085355e+000	6.871457e-001	1.999675e-001
8.800000000000002e-003	7.113688e-001	3.087927e+000	6.877204e-001	2.003770e-001
8.900000000000002e-003	7.116609e-001	3.090477e+000	6.882892e-001	2.007820e-001
9.000000000000001e-003	7.119498e-001	3.093004e+000	6.888523e-001	2.011825e-001
9.100000000000000e-003	7.122357e-001	3.095510e+000	6.894099e-001	2.015786e-001
9.200000000000000e-003	7.125185e-001	3.097994e+000	6.899619e-001	2.019705e-001
9.299999999999999e-003	7.127979e-001	3.100458e+000	6.905086e-001	2.023582e-001
9.399999999999999e-003	7.130747e-001	3.102901e+000	6.910501e-001	2.027418e-001
9.499999999999998e-003	7.133484e-001	3.105325e+000	6.915864e-001	2.031215e-001
9.599999999999997e-003	7.136192e-001	3.107729e+000	6.921177e-001	2.034972e-001
9.699999999999997e-003	7.138872e-001	3.110113e+000	6.926441e-001	2.038691e-001
9.799999999999996e-003	7.141523e-001	3.112480e+000	6.931657e-001	2.042373e-001
9.899999999999996e-003	7.144151e-001	3.114828e+000	6.936825e-001	2.046017e-001
9.999999999999995e-003	7.146749e-001	3.117158e+000	6.941948e-001	2.049626e-001
1.009999999999999e-002	7.149324e-001	3.119470e+000	6.947025e-001	2.053200e-001
1.019999999999999e-002	7.151871e-001	3.121766e+000	6.952057e-001	2.056739e-001
1.029999999999999e-002	7.154398e-001	3.124044e+000	6.957046e-001	2.060244e-001
1.039999999999999e-002	7.156897e-001	3.126306e+000	6.961993e-001	2.063715e-001
1.049999999999999e-002	7.159371e-001	3.128552e+000	6.966897e-001	2.067154e-001
1.059999999999999e-002	7.161818e-001	3.130781e+000	6.971761e-001	2.070561e-001
1.069999999999999e-002	7.164249e-001	3.132995e+000	6.976583e-001	2.073937e-001
1.079999999999999e-002	7.166657e-001	3.135194e+000	6.981367e-001	2.077282e-001
1.089999999999999e-002	7.169042e-001	3.137378e+000	6.986112e-001	2.080597e-001
1.099999999999999e-002	7.171402e-001	3.139547e+000	6.990818e-001	2.083881e-001
1.109999999999999e-002	7.173743e-001	3.141701e+000	6.995487e-001	2.087137e-001
1.119999999999999e-002	7.176061e-001	3.143841e+000	7.000119e-001	2.090364e-001
1.129999999999999e-002	7.178364e-001	3.145967e+000	7.004715e-001	2.093563e-001
1.139999999999999e-002	7.180638e-001	3.148080e+000	7.009276e-001	2.096734e-001
1.149999999999999e-002	7.182899e-001	3.150178e+000	7.013801e-001	2.099878e-001
1.159999999999999e-002	7.185140e-001	3.152264e+000	7.018293e-001	2.102995e-001
1.169999999999999e-002	7.187357e-001	3.154337e+000	7.022751e-001	2.106086e-001
1.179999999999998e-002	7.189560e-001	3.156396e+000	7.027175e-001	2.109151e-001
1.189999999999998e-002	7.191744e-001	3.158443e+000	7.031567e-001	2.112191e-001
1.199999999999998e-002	7.193909e-001	3.160478e+000	7.035928e-001	2.115206e-001
1.209999999999998e-002	7.196054e-001	3.162500e+000	7.040256e-001	2.118197e-001
1.219999999999998e-002	7.198181e-001	3.164511e+000	7.044554e-001	2.121163e-001
1.229999999999998e-002	7.200298e-001	3.166509e+000	7.048821e-001	2.124105e-001
1.239999999999998e-002	7.202392e-001	3.168496e+000	7.053058e-001	2.127025e-001
1.249999999999998e-002	7.204471e-001	3.170472e+000	7.057266e-001	2.129921e-001
1.259999999999998e-002	7.206526e-001	3.172436e+000	7.061445e-001	2.132794e-001
1.269999999999998e-002	7.208571e-001	3.174390e+000	7.065595e-001	2.135646e-001
1.279999999999998e-002	7.210603e-001	3.176332e+000	7.069717e-001	2.138475e-001
1.289999999999998e-002	7.212615e-001	3.178264e+000	7.073812e-001	2.141283e-001
1.299999999999998e-002	7.214613e-001	3.180185e+000	7.077879e-001	2.144070e-001
1.309999999999998e-002	7.216592e-001	3.182096e+000	7.081919e-001	2.146835e-001
1.319999999999998e-002	7.218561e-001	3.183996e+000	7.085934e-001	2.149580e-001
1.329999999999998e-002	7.220516e-001	3.185887e+000	7.089921e-001	2.152305e-001
1.339999999999997e-002	7.222452e-001	3.187767e+000	7.093884e-001	2.155010e-001
1.349999999999997e-002	7.224369e-001	3.189638e+000	7.097821e-001	2.157695e-001
1.359999999999997e-002	7.226281e-001	3.191499e+000	7.101734e-001	2.160361e-001
1.369999999999997e-002	7.228174e-001	3.193351e+000	7.105622e-001	2.163007e-001
1.379999999999997e-002	7.230058e-001	3.195193e+000	7.109485e-001	2.165635e-001
1.389999999999997e-002	7.231927e-001	3.197026e+000	7.113325e-001	2.168245e-001
1.399999999999997e-002	7.233777e-001	3.198850e+000	7.117141e-001	2.170835e-001
1.409999999999997e-002	7.235622e-001	3.200665e+000	7.120935e-001	2.173408e-001
1.419999999999997e-002	7.237449e-001	3.202471e+000	7.124705e-001	2.175964e-001
1.429999999999997e-002	7.239265e-001	3.204269e+000	7.128453e-001	2.178501e-001
1.439999999999997e-002	7.241063e-001	3.206058e+000	7.132179e-001	2.181021e-001
1.449999999999997e-002	7.242856e-001	3.207838e+000	7.135883e-001	2.183525e-001
1.459999999999997e-002	7.244635e-001	3.209610e+000	7.139565e-001	2.186011e-001
1.469999999999997e-002	7.246399e-001	3.211374e+000	7.143227e-001	2.188481e-001
1.479999999999997e-002	7.248154e-001	3.213130e+000	7.146867e-001	2.190934e-001
1.489999999999997e-002	7.249894e-001	3.214877e+000	7.150487e-001	2.193372e-001
1.499999999999997e-002	7.251625e-001	3.216617e+000	7.154086e-001	2.195793e-001
1.509999999999996e-002	7.253346e-001	3.218349e+000	7.157665e-001	2.198199e-001
1.519999999999996e-002	7.255049e-001	3.220073e+000	7.161224e-001	2.200589e-001
1.529999999999996e-002	7.256746e-001	3.221789e+000	7.164763e-001	2.202964e-001
1.539999999999996e-002	7.258430e-001	3.223499e+000	7.168283e-001	2.205324e-001
1.549999999999996e-002	7.260103e-001	3.225201e+000	7.171785e-001	2.207668e-001
1.559999999999996e-002	7.261767e-001	3.226895e+000	7.175266e-001	2.209999e-001
1.569999999999996e-002	7.263422e-001	3.228582e+000	7.178730e-001	2.212314e-001
1.579999999999996e-002	7.265062e-001	3.230262e+000	7.182175e-001	2.214615e-001
1.589999999999996e-002	7.266693e-001	3.231935e+000	7.185603e-001	2.216903e-001
1.599999999999996e-002	7.268319e-001	3.233601e+000	7.189012e-001	2.219176e-001
1.609999999999996e-002	7.269931e-001	3.235261e+000	7.192403e-001	2.221435e-001
1.619999999999996e-002	7.271528e-001	3.236913e+000	7.195777e-001	2.223680e-001
1.629999999999996e-002	7.273126e-001	3.238559e+000	7.199134e-001	2.225913e-001
1.639999999999996e-002	7.274704e-001	3.240198e+000	7.202473e-001	2.228131e-001
1.649999999999996e-002	7.276278e-001	3.241831e+000	7.205796e-001	2.230337e-001
1.659999999999996e-002	7.277842e-001	3.243456e+000	7.209102e-001	2.232530e-001
1.669999999999995e-002	7.279396e-001	3.245076e+000	7.212392e-001	2.234710e-001
1.679999999999995e-002	7.280936e-001	3.246690e+000	7.215665e-001	2.236877e-001
1.689999999999995e-002	7.282472e-001	3.248297e+000	7.218922e-001	2.239031e-001
1.699999999999995e-002	7.283998e-001	3.249899e+000	7.222164e-001	2.241174e-001
1.709999999999995e-002	7.285514e-001	3.251494e+000	7.225389e-001	2.243304e-001
1.719999999999995e-002	7.287021e-001	3.253083e+000	7.228600e-001	2.245422e-001
1.729999999999995e-002	7.288518e-001	3.254666e+000	7.231795e-001	2.247528e-001
1.739999999999995e-002	7.290015e-001	3.256243e+000	7.234975e-001	2.249622e-001
1.749999999999995e-002	7.291498e-001	3.257814e+000	7.238140e-001	2.251704e-001
1.759999999999995e-002	7.292967e-001	3.259380e+000	7.241290e-001	2.253775e-001
1.769999999999995e-002	7.294431e-001	3.260940e+000	7.244425e-001	2.255834e-001
1.779999999999995e-002	7.295890e-001	3.262495e+000	7.247546e-001	2.257883e-001
1.789999999999995e-002	7.297339e-001	3.264044e+000	7.250653e-001	2.259919e-001
1.799999999999995e-002	7.298779e-001	3.265587e+000	7.253745e-001	2.261945e-001
1.809999999999995e-002	7.300215e-001	3.267125e+000	7.256824e-001	2.263960e-001
1.819999999999995e-002	7.301636e-001	3.268658e+000	7.259889e-001	2.265965e-001
1.829999999999995e-002	7.303057e-001	3.270185e+000	7.262940e-001	2.267958e-001
1.839999999999994e-002	7.304468e-001	3.271707e+000	7.265977e-001	2.269941e-001
1.849999999999994e-002	7.305870e-001	3.273223e+000	7.269001e-001	2.271914e-001
1.859999999999994e-002	7.307262e-001	3.274736e+000	7.272013e-001	2.273876e-001
1.869999999999994e-002	7.308645e-001	3.276242e+000	7.275010e-001	2.275828e-001
1.879999999999994e-002	7.310028e-001	3.277744e+000	7.277995e-001	2.277769e-001
1.889999999999994e-002	7.311401e-001	3.279240e+000	7.280967e-001	2.279701e-001
1.899999999999994e-002	7.312765e-001	3.280732e+000	7.283926e-001	2.281623e-001
1.909999999999994e-002	7.314124e-001	3.282219e+000	7.286873e-001	2.283535e-001
1.919999999999994e-002	7.315474e-001	3.283701e+000	7.289807e-001	2.285438e-001
1.929999999999994e-002	7.316818e-001	3.285179e+000	7.292729e-001	2.287330e-001
1.939999999999994e-002	7.318158e-001	3.286651e+000	7.295639e-001	2.289214e-001
1.949999999999994e-002	7.319484e-001	3.288119e+000	7.298537e-001	2.291088e-001
1.959999999999994e-002	7.320805e-001	3.289583e+000	7.301423e-001	2.292952e-001
1.969999999999994e-002	7.322121e-001	3.291041e+000	7.304297e-001	2.294807e-001
1.979999999999994e-002	7.323432e-001	3.292495e+000	7.307160e-001	2.296654e-001
1.989999999999994e-002	7.324734e-001	3.293945e+000	7.310010e-001	2.298491e-001
1.999999999999993e-002	7.326035e-001	3.295390e+000	7.312850e-001	2.300319e-001
2.009999999999993e-002	7.327323e-001	3.296831e+000	7.315678e-001	2.302139e-001
2.019999999999993e-002	7.328606e-001	3.298268e+000	7.318495e-001	2.303949e-001
2.029999999999993e-002	7.329884e-001	3.299700e+000	7.321301e-001	2.305751e-001
2.039999999999993e-002	7.331157e-001	3.301128e+000	7.324096e-001	2.307544e-001
2.049999999999993e-002	7.332420e-001	3.302552e+000	7.326880e-001	2.309330e-001
2.059999999999993e-002	7.333679e-001	3.303971e+000	7.329653e-001	2.311106e-001
2.069999999999993e-002	7.334933e-001	3.305387e+000	7.332415e-001	2.312874e-001
2.079999999999993e-002	7.336178e-001	3.306799e+000	7.335167e-001	2.314634e-001
2.089999999999993e-002	7.337418e-001	3.308206e+000	7.337908e-001	2.316386e-001
2.099999999999993e-002	7.338653e-001	3.309609e+000	7.340640e-001	2.318129e-001
2.109999999999993e-002	7.339883e-001	3.311008e+000	7.343360e-001	2.319865e-001
2.119999999999993e-002	7.341104e-001	3.312404e+000	7.346071e-001	2.321592e-001
2.129999999999993e-002	7.342324e-001	3.313795e+000	7.348771e-001	2.323312e-001
2.139999999999993e-002	7.343531e-001	3.315183e+000	7.351462e-001	2.325024e-001
2.149999999999993e-002	7.344737e-001	3.316567e+000	7.354142e-001	2.326728e-001
2.159999999999993e-002	7.345939e-001	3.317947e+000	7.356813e-001	2.328424e-001
2.169999999999992e-002	7.347136e-001	3.319323e+000	7.359474e-001	2.330113e-001
2.179999999999992e-002	7.348323e-001	3.320695e+000	7.362126e-001	2.331795e-001
2.189999999999992e-002	7.349505e-001	3.322064e+000	7.364768e-001	2.333469e-001
2.199999999999992e-002	7.350688e-001	3.323429e+000	7.367400e-001	2.335135e-001
2.209999999999992e-002	7.351856e-001	3.324791e+000	7.370023e-001	2.336794e-001
2.219999999999992e-002	7.353024e-001	3.326149e+000	7.372637e-001	2.338446e-001
2.229999999999992e-002	7.354188e-001	3.327503e+000	7.375242e-001	2.340091e-001
2.239999999999992e-002	7.355342e-001	3.328854e+000	7.377837e-001	2.341729e-001
2.249999999999992e-002	7.356496e-001	3.330201e+000	7.380424e-001	2.343359e-001
2.259999999999992e-002	7.357645e-001	3.331545e+000	7.383002e-001	2.344983e-001
2.269999999999992e-002	7.358785e-001	3.332885e+000	7.385570e-001	2.346600e-001
2.279999999999992e-002	7.359924e-001	3.334222e+000	7.388130e-001	2.348210e-001
2.289999999999992e-002	7.361054e-001	3.335556e+000	7.390681e-001	2.349813e-001
2.299999999999992e-002	7.362180e-001	3.336886e+000	7.393224e-001	2.351409e-001
2.309999999999992e-002	7.363305e-001	3.338213e+000	7.395758e-001	2.352999e-001
2.319999999999992e-002	7.364421e-001	3.339537e+000	7.398283e-001	2.354581e-001
2.329999999999992e-002	7.365532e-001	3.340857e+000	7.400800e-001	2.356158e-001
2.339999999999991e-002	7.366638e-001	3.342174e+000	7.403309e-001	2.357728e-001
2.349999999999991e-002	7.367744e-001	3.343488e+000	7.405810e-001	2.359291e-001
2.359999999999991e-002	7.368846e-001	3.344799e+000	7.408302e-001	2.360848e-001
2.369999999999991e-002	7.369933e-001	3.346106e+000	7.410786e-001	2.362399e-001
2.379999999999991e-002	7.371030e-001	3.347411e+000	7.413262e-001	2.363943e-001
2.389999999999991e-002	7.372108e-001	3.348712e+000	7.415730e-001	2.365481e-001
2.399999999999991e-002	7.373190e-001	3.350011e+000	7.418189e-001	2.367013e-001
2.409999999999991e-002	7.374268e-001	3.351306e+000	7.420642e-001	2.368538e-001
2.419999999999991e-002	7.375340e-001	3.352598e+000	7.423087e-001	2.370058e-001
2.429999999999991e-002	7.376399e-001	3.353887e+000	7.425523e-001	2.371571e-001
2.439999999999991e-002	7.377462e-001	3.355174e+000	7.427952e-001	2.373079e-001
2.449999999999991e-002	7.378526e-001	3.356456e+000	7.430373e-001	2.374581e-001
2.459999999999991e-002	7.379575e-001	3.357737e+000	7.432787e-001	2.376076e-001
2.469999999999991e-002	7.380624e-001	3.359015e+000	7.435194e-001	2.377566e-001
2.479999999999991e-002	7.381673e-001	3.360289e+000	7.437592e-001	2.379050e-001
2.489999999999991e-002	7.382708e-001	3.361561e+000	7.439984e-001	2.380528e-001
2.499999999999990e-002	7.383752e-001	3.362829e+000	7.442368e-001	2.382001e-001
2.509999999999990e-002	7.384782e-001	3.364096e+000	7.444745e-001	2.383468e-001
2.519999999999990e-002	7.385807e-001	3.365359e+000	7.447115e-001	2.384929e-001
2.529999999999990e-002	7.386832e-001	3.366620e+000	7.449478e-001	2.386385e-001
2.539999999999990e-002	7.387853e-001	3.367877e+000	7.451833e-001	2.387835e-001
2.549999999999990e-002	7.388873e-001	3.369132e+000	7.454182e-001	2.389279e-001
2.559999999999990e-002	7.389879e-001	3.370385e+000	7.456524e-001	2.390719e-001
2.569999999999990e-002	7.390890e-001	3.371635e+000	7.458858e-001	2.392152e-001
2.579999999999990e-002	7.391896e-001	3.372882e+000	7.461186e-001	2.393581e-001
2.589999999999990e-002	7.392893e-001	3.374126e+000	7.463507e-001	2.395004e-001
2.599999999999990e-002	7.393894e-001	3.375368e+000	7.465821e-001	2.396422e-001
2.609999999999990e-002	7.394886e-001	3.376607e+000	7.468129e-001	2.397834e-001
2.619999999999990e-002	7.395878e-001	3.377843e+000	7.470430e-001	2.399242e-001
2.629999999999990e-002	7.396860e-001	3.379078e+000	7.472724e-001	2.400644e-001
2.639999999999990e-002	7.397842e-001	3.380309e+000	7.475012e-001	2.402041e-001
2.649999999999990e-002	7.398820e-001	3.381538e+000	7.477293e-001	2.403433e-001
2.659999999999990e-002	7.399793e-001	3.382765e+000	7.479568e-001	2.404820e-001
2.669999999999989e-002	7.400765e-001	3.383988e+000	7.481837e-001	2.406202e-001
2.679999999999989e-002	7.401733e-001	3.385210e+000	7.484098e-001	2.407579e-001
2.689999999999989e-002	7.402697e-001	3.386429e+000	7.486354e-001	2.408951e-001
2.699999999999989e-002	7.403655e-001	3.387646e+000	7.488604e-001	2.410318e-001
2.709999999999989e-002	7.404613e-001	3.388860e+000	7.490847e-001	2.411681e-001
2.719999999999989e-002	7.405567e-001	3.390072e+000	7.493084e-001	2.413038e-001
2.729999999999989e-002	7.406516e-001	3.391281e+000	7.495315e-001	2.414391e-001
2.739999999999989e-002	7.407460e-001	3.392488e+000	7.497540e-001	2.415739e-001
2.749999999999989e-002	7.408400e-001	3.393693e+000	7.499759e-001	2.417082e-001
2.759999999999989e-002	7.409344e-001	3.394896e+000	7.501971e-001	2.418421e-001
2.769999999999989e-002	7.410274e-001	3.396096e+000	7.504178e-001	2.419754e-001
2.779999999999989e-002	7.411208e-001	3.397294e+000	7.506379e-001	2.421084e-001
2.789999999999989e-002	7.412133e-001	3.398489e+000	7.508574e-001	2.422408e-001
2.799999999999989e-002	7.413058e-001	3.399683e+000	7.510764e-001	2.423729e-001
2.809999999999989e-002	7.413983e-001	3.400874e+000	7.512947e-001	2.425044e-001
2.819999999999989e-002	7.414904e-001	3.402063e+000	7.515125e-001	2.426355e-001
2.829999999999988e-002	7.415819e-001	3.403249e+000	7.517297e-001	2.427662e-001
2.839999999999988e-002	7.416730e-001	3.404434e+000	7.519463e-001	2.428964e-001
2.849999999999988e-002	7.417636e-001	3.405616e+000	7.521624e-001	2.430262e-001
2.859999999999988e-002	7.418547e-001	3.406796e+000	7.523780e-001	2.431556e-001
2.869999999999988e-002	7.419448e-001	3.407975e+000	7.525929e-001	2.432845e-001
2.879999999999988e-002	7.420344e-001	3.409150e+000	7.528073e-001	2.434130e-001
2.889999999999988e-002	7.421246e-001	3.410324e+000	7.530212e-001	2.435410e-001
2.899999999999988e-002	7.422137e-001	3.411495e+000	7.532345e-001	2.436686e-001
2.909999999999988e-002	7.423029e-001	3.412665e+000	7.534474e-001	2.437959e-001
2.919999999999988e-002	7.423911e-001	3.413833e+000	7.536596e-001	2.439227e-001
2.929999999999988e-002	7.424798e-001	3.414998e+000	7.538713e-001	2.440490e-001
2.939999999999988e-002	7.425680e-001	3.416162e+000	7.540825e-001	2.441750e-001
2.949999999999988e-002	7.426562e-001	3.417323e+000	7.542932e-001	2.443006e-001
2.959999999999988e-002	7.427435e-001	3.418482e+000	7.545033e-001	2.444257e-001
2.969999999999988e-002	7.428308e-001	3.419639e+000	7.547130e-001	2.445505e-001
2.979999999999988e-002	7.429175e-001	3.420795e+000	7.549221e-001	2.446748e-001
2.989999999999988e-002	7.430043e-001	3.421948e+000	7.551307e-001	2.447987e-001
2.999999999999987e-002	7.430906e-001	3.423100e+000	7.553388e-001	2.449223e-001
3.009999999999987e-002	7.431765e-001	3.424249e+000	7.555464e-001	2.450454e-001
3.019999999999987e-002	7.432623e-001	3.425396e+000	7.557535e-001	2.451682e-001
3.029999999999987e-002	7.433481e-001	3.426542e+000	7.559602e-001	2.452906e-001
3.039999999999987e-002	7.434330e-001	3.427686e+000	7.561662e-001	2.454126e-001
3.049999999999987e-002	7.435179e-001	3.428828e+000	7.563719e-001	2.455342e-001
3.059999999999987e-002	7.436032e-001	3.429967e+000	7.565769e-001	2.456554e-001
3.069999999999987e-002	7.436872e-001	3.431105e+000	7.567816e-001	2.457763e-001
3.079999999999987e-002	7.437716e-001	3.432241e+000	7.569858e-001	2.458967e-001
3.089999999999987e-002	7.438550e-001	3.433376e+000	7.571894e-001	2.460168e-001
3.099999999999987e-002	7.439389e-001	3.434508e+000	7.573927e-001	2.461365e-001
3.109999999999987e-002	7.440219e-001	3.435639e+000	7.575954e-001	2.462559e-001
3.119999999999987e-002	7.441049e-001	3.436768e+000	7.577977e-001	2.463749e-001
3.129999999999987e-002	7.441878e-001	3.437895e+000	7.579995e-001	2.464935e-001
3.139999999999987e-002	7.442703e-001	3.439020e+000	7.582008e-001	2.466118e-001
3.149999999999988e-002	7.443523e-001	3.440143e+000	7.584018e-001	2.467297e-001
3.159999999999988e-002	7.444344e-001	3.441265e+000	7.586022e-001	2.468472e-001
3.169999999999988e-002	7.445164e-001	3.442385e+000	7.588021e-001	2.469644e-001
3.179999999999988e-002	7.445974e-001	3.443503e+000	7.590016e-001	2.470812e-001
3.189999999999989e-002	7.446790e-001	3.444619e+000	7.592008e-001	2.471977e-001
3.199999999999989e-002	7.447596e-001	3.445734e+000	7.593994e-001	2.473139e-001
3.209999999999989e-002	7.448406e-001	3.446847e+000	7.595976e-001	2.474297e-001
3.219999999999990e-002	7.449212e-001	3.447958e+000	7.597953e-001	2.475451e-001
3.229999999999990e-002	7.450008e-001	3.449068e+000	7.599926e-001	2.476602e-001
3.239999999999990e-002	7.450809e-001	3.450176e+000	7.601895e-001	2.477750e-001
3.249999999999990e-002	7.451611e-001	3.451282e+000	7.603860e-001	2.478894e-001
3.259999999999991e-002	7.452407e-001	3.452386e+000	7.605820e-001	2.480035e-001
3.269999999999991e-002	7.453194e-001	3.453489e+000	7.607776e-001	2.481173e-001
3.279999999999991e-002	7.453985e-001	3.454591e+000	7.609727e-001	2.482307e-001
3.289999999999992e-002	7.454772e-001	3.455690e+000	7.611675e-001	2.483438e-001
3.299999999999992e-002	7.455559e-001	3.456788e+000	7.613618e-001	2.484566e-001
3.309999999999992e-002	7.456341e-001	3.457885e+000	7.615558e-001	2.485690e-001
3.319999999999992e-002	7.457118e-001	3.458979e+000	7.617493e-001	2.486812e-001
3.329999999999993e-002	7.457895e-001	3.460073e+000	7.619423e-001	2.487930e-001
3.339999999999993e-002	7.458673e-001	3.461164e+000	7.621350e-001	2.489045e-001
3.349999999999993e-002	7.459450e-001	3.462254e+000	7.623273e-001	2.490156e-001
3.359999999999994e-002	7.460217e-001	3.463343e+000	7.625191e-001	2.491265e-001
3.369999999999994e-002	7.460990e-001	3.464429e+000	7.627106e-001	2.492370e-001
3.379999999999994e-002	7.461753e-001	3.465515e+000	7.629016e-001	2.493472e-001
3.389999999999994e-002	7.462516e-001	3.466599e+000	7.630924e-001	2.494571e-001
3.399999999999995e-002	7.463279e-001	3.467681e+000	7.632826e-001	2.495667e-001
3.409999999999995e-002	7.464042e-001	3.468762e+000	7.634725e-001	2.496760e-001
3.419999999999995e-002	7.464795e-001	3.469841e+000	7.636620e-001	2.497850e-001
3.429999999999996e-002	7.465553e-001	3.470919e+000	7.638511e-001	2.498937e-001
3.439999999999996e-002	7.466302e-001	3.471995e+000	7.640398e-001	2.500021e-001
3.449999999999996e-002	7.467055e-001	3.473070e+000	7.642282e-001	2.501102e-001
3.459999999999996e-002	7.467804e-001	3.474143e+000	7.644161e-001	2.502180e-001
3.469999999999997e-002	7.468553e-001	3.475215e+000	7.646037e-001	2.503255e-001
3.479999999999997e-002	7.469296e-001	3.476285e+000	7.647909e-001	2.504327e-001
3.489999999999997e-002	7.470036e-001	3.477354e+000	7.649778e-001	2.505396e-001
3.499999999999998e-002	7.470779e-001	3.478422e+000	7.651643e-001	2.506462e-001
3.509999999999998e-002	7.471519e-001	3.479488e+000	7.653503e-001	2.507525e-001
3.519999999999998e-002	7.472248e-001	3.480553e+000	7.655360e-001	2.508586e-001
3.529999999999998e-002	7.472987e-001	3.481616e+000	7.657214e-001	2.509643e-001
3.539999999999999e-002	7.473717e-001	3.482678e+000	7.659063e-001	2.510698e-001
3.549999999999999e-002	7.474446e-001	3.483738e+000	7.660910e-001	2.511750e-001
3.559999999999999e-002	7.475176e-001	3.484797e+000	7.662752e-001	2.512799e-001
3.570000000000000e-002	7.475901e-001	3.485855e+000	7.664592e-001	2.513845e-001
3.580000000000000e-002	7.476621e-001	3.486911e+000	7.666427e-001	2.514889e-001
3.590000000000000e-002	7.477341e-001	3.487966e+000	7.668259e-001	2.515930e-001
3.600000000000000e-002	7.478065e-001	3.489019e+000	7.670087e-001	2.516968e-001
3.610000000000001e-002	7.478781e-001	3.490072e+000	7.671913e-001	2.518003e-001
3.620000000000001e-002	7.479496e-001	3.491122e+000	7.673734e-001	2.519035e-001
3.630000000000001e-002	7.480211e-001	3.492172e+000	7.675553e-001	2.520065e-001
3.640000000000002e-002	7.480922e-001	3.493220e+000	7.677367e-001	2.521092e-001
3.650000000000002e-002	7.481632e-001	3.494267e+000	7.679178e-001	2.522117e-001
3.660000000000002e-002	7.482338e-001	3.495312e+000	7.680986e-001	2.523139e-001
3.670000000000002e-002	7.483044e-001	3.496356e+000	7.682791e-001	2.524157e-001
3.680000000000003e-002	7.483749e-001	3.497399e+000	7.684591e-001	2.525174e-001
3.690000000000003e-002	7.484450e-001	3.498441e+000	7.686390e-001	2.526188e-001
3.700000000000003e-002	7.485151e-001	3.499481e+000	7.688183e-001	2.527199e-001
3.710000000000004e-002	7.485852e-001	3.500520e+000	7.689975e-001	2.528208e-001
3.720000000000004e-002	7.486544e-001	3.501558e+000	7.691763e-001	2.529214e-001
3.730000000000004e-002	7.487240e-001	3.502595e+000	7.693547e-001	2.530217e-001
3.740000000000004e-002	7.487931e-001	3.503630e+000	7.695328e-001	2.531219e-001
3.750000000000005e-002	7.488623e-001	3.504664e+000	7.697106e-001	2.532217e-001
3.760000000000005e-002	7.489309e-001	3.505696e+000	7.698882e-001	2.533213e-001
3.770000000000005e-002	7.489996e-001	3.506728e+000	7.700653e-001	2.534206e-001
3.780000000000006e-002	7.490683e-001	3.507758e+000	7.702422e-001	2.535197e-001
3.790000000000006e-002	7.491369e-001	3.508787e+000	7.704187e-001	2.536186e-001
3.800000000000006e-002	7.492051e-001	3.509815e+000	7.705948e-001	2.537172e-001
3.810000000000006e-002	7.492728e-001	3.510841e+000	7.707708e-001	2.538155e-001
3.820000000000007e-002	7.493410e-001	3.511866e+000	7.709464e-001	2.539136e-001
3.830000000000007e-002	7.494082e-001	3.512891e+000	7.711216e-001	2.540115e-001
3.840000000000007e-002	7.494755e-001	3.513914e+000	7.712965e-001	2.541091e-001
3.850000000000008e-002	7.495432e-001	3.514935e+000	7.714712e-001	2.542065e-001
3.860000000000008e-002	7.496099e-001	3.515956e+000	7.716456e-001	2.543037e-001
3.870000000000008e-002	7.496767e-001	3.516976e+000	7.718197e-001	2.544006e-001
3.880000000000008e-002	7.497439e-001	3.517994e+000	7.719933e-001	2.544972e-001
3.890000000000009e-002	7.498102e-001	3.519011e+000	7.721668e-001	2.545937e-001
3.900000000000009e-002	7.498765e-001	3.520027e+000	7.723400e-001	2.546899e-001
3.910000000000009e-002	7.499428e-001	3.521042e+000	7.725129e-001	2.547858e-001
3.920000000000010e-002	7.500091e-001	3.522055e+000	7.726853e-001	2.548816e-001
3.930000000000010e-002	7.500749e-001	3.523068e+000	7.728576e-001	2.549771e-001
3.940000000000010e-002	7.501407e-001	3.524079e+000	7.730296e-001	2.550724e-001
3.950000000000010e-002	7.502060e-001	3.525089e+000	7.732012e-001	2.551674e-001
3.960000000000011e-002	7.502718e-001	3.526098e+000	7.733726e-001	2.552622e-001
3.970000000000011e-002	7.503366e-001	3.527106e+000	7.735437e-001	2.553568e-001
3.980000000000011e-002	7.504015e-001	3.528113e+000	7.737145e-001	2.554512e-001
3.990000000000012e-002	7.504668e-001	3.529119e+000	7.738851e-001	2.555453e-001
4.000000000000012e-002	7.505312e-001	3.530123e+000	7.740552e-001	2.556393e-001
4.010000000000012e-002	7.505960e-001	3.531127e+000	7.742252e-001	2.557330e-001
4.020000000000013e-002	7.506604e-001	3.532129e+000	7.743948e-001	2.558264e-001
4.030000000000013e-002	7.507248e-001	3.533130e+000	7.745643e-001	2.559197e-001
4.040000000000013e-002	7.507892e-001	3.534130e+000	7.747334e-001	2.560127e-001
4.050000000000013e-002	7.508531e-001	3.535130e+000	7.749022e-001	2.561056e-001
4.060000000000014e-002	7.509170e-001	3.536128e+000	7.750707e-001	2.561982e-001
4.070000000000014e-002	7.509804e-001	3.537125e+000	7.752390e-001	2.562906e-001
4.080000000000014e-002	7.510438e-001	3.538121e+000	7.754070e-001	2.563827e-001
4.090000000000015e-002	7.511072e-001	3.539116e+000	7.755747e-001	2.564747e-001
4.100000000000015e-002	7.511702e-001	3.540110e+000	7.757422e-001	2.565665e-001
4.110000000000015e-002	7.512331e-001	3.541103e+000	7.759094e-001	2.566580e-001
4.120000000000015e-002	7.512960e-001	3.542095e+000	7.760763e-001	2.567493e-001
4.130000000000016e-002	7.513585e-001	3.543085e+000	7.762430e-001	2.568405e-001
4.140000000000016e-002	7.514215e-001	3.544075e+000	7.764093e-001	2.569314e-001
4.150000000000016e-002	7.514839e-001	3.545063e+000	7.765755e-001	2.570221e-001
4.160000000000017e-002	7.515459e-001	3.546051e+000	7.767413e-001	2.571126e-001
4.170000000000017e-002	7.516079e-001	3.547038e+000	7.769069e-001	2.572029e-001
4.180000000000017e-002	7.516699e-001	3.548024e+000	7.770723e-001	2.572930e-001
4.190000000000017e-002	7.517319e-001	3.549008e+000	7.772374e-001	2.573829e-001
4.200000000000018e-002	7.517934e-001	3.549992e+000	7.774022e-001	2.574726e-001
4.210000000000018e-002	7.518549e-001	3.550975e+000	7.775668e-001	2.575621e-001
4.220000000000018e-002	7.519164e-001	3.551956e+000	7.777310e-001	2.576514e-001
4.230000000000019e-002	7.519774e-001	3.552937e+000	7.778952e-001	2.577404e-001
4.240000000000019e-002	7.520385e-001	3.553916e+000	7.780589e-001	2.578293e-001
4.250000000000019e-002	7.520995e-001	3.554895e+000	7.782224e-001	2.579180e-001
4.260000000000019e-002	7.521605e-001	3.555873e+000	7.783858e-001	2.580065e-001
4.270000000000020e-002	7.522211e-001	3.556850e+000	7.785488e-001	2.580948e-001
4.280000000000020e-002	7.522817e-001	3.557825e+000	7.787116e-001	2.581829e-001
4.290000000000020e-002	7.523417e-001	3.558800e+000	7.788742e-001	2.582709e-001
4.300000000000021e-002	7.524018e-001	3.559774e+000	7.790364e-001	2.583586e-001
4.310000000000021e-002	7.524619e-001	3.560747e+000	7.791985e-001	2.584461e-001
4.320000000000021e-002	7.525220e-001	3.561719e+000	7.793603e-001	2.585334e-001
4.330000000000021e-002	7.525816e-001	3.562690e+000	7.795220e-001	2.586206e-001
4.340000000000022e-002	7.526417e-001	3.563660e+000	7.796833e-001	2.587076e-001
4.350000000000022e-002	7.527013e-001	3.564629e+000	7.798444e-001	2.587943e-001
4.360000000000022e-002	7.527604e-001	3.565598e+000	7.800053e-001	2.588809e-001
4.370000000000023e-002	7.528195e-001	3.566565e+000	7.801659e-001	2.589673e-001
4.380000000000023e-002	7.528791e-001	3.567531e+000	7.803262e-001	2.590535e-001
4.390000000000023e-002	7.529378e-001	3.568497e+000	7.804863e-001	2.591396e-001
4.400000000000023e-002	7.529964e-001	3.569462e+000	7.806463e-001	2.592254e-001
4.410000000000024e-002	7.530556e-001	3.570425e+000	7.808059e-001	2.593111e-001
4.420000000000024e-002	7.531142e-001	3.571388e+000	7.809653e-001	2.593966e-001
4.430000000000024e-002	7.531724e-001	3.572350e+000	7.811245e-001	2.594818e-001
4.440000000000025e-002	7.532310e-001	3.573311e+000	7.812836e-001	2.595670e-001
4.450000000000025e-002	7.532887e-001	3.574271e+000	7.814423e-001	2.596519e-001
4.460000000000025e-002	7.533469e-001	3.575231e+000	7.816008e-001	2.597367e-001
4.470000000000025e-002	7.534046e-001	3.576189e+000	7.817591e-001	2.598212e-001
4.480000000000026e-002	7.534628e-001	3.577146e+000	7.819172e-001	2.599056e-001
4.490000000000026e-002	7.535205e-001	3.578103e+000	7.820750e-001	2.599899e-001
4.500000000000026e-002	7.535777e-001	3.579059e+000	7.822326e-001	2.600739e-001
4.510000000000027e-002	7.536354e-001	3.580013e+000	7.823900e-001	2.601578e-001
4.520000000000027e-002	7.536926e-001	3.580967e+000	7.825471e-001	2.602415e-001
4.530000000000027e-002	7.537498e-001	3.581920e+000	7.827041e-001	2.603250e-001
4.540000000000027e-002	7.538066e-001	3.582873e+000	7.828608e-001	2.604084e-001
4.550000000000028e-002	7.538638e-001	3.583824e+000	7.830173e-001	2.604915e-001
4.560000000000028e-002	7.539206e-001	3.584775e+000	7.831736e-001	2.605745e-001
4.570000000000028e-002	7.539768e-001	3.585725e+000	7.833296e-001	2.606574e-001
4.580000000000029e-002	7.540336e-001	3.586673e+000	7.834855e-001	2.607401e-001
4.590000000000029e-002	7.540903e-001	3.587621e+000	7.836412e-001	2.608226e-001
4.600000000000029e-002	7.541466e-001	3.588568e+000	7.837966e-001	2.609049e-001
4.610000000000029e-002	7.542024e-001	3.589515e+000	7.839518e-001	2.609870e-001
4.620000000000030e-002	7.542586e-001	3.590460e+000	7.841069e-001	2.610691e-001
4.630000000000030e-002	7.543149e-001	3.591405e+000	7.842615e-001	2.611509e-001
4.640000000000030e-002	7.543707e-001	3.592349e+000	7.844161e-001	2.612326e-001
4.650000000000031e-002	7.544260e-001	3.593292e+000	7.845705e-001	2.613141e-001
4.660000000000031e-002	7.544813e-001	3.594235e+000	7.847247e-001	2.613954e-001
4.670000000000031e-002	7.545371e-001	3.595176e+000	7.848786e-001	2.614766e-001
4.680000000000031e-002	7.545924e-001	3.596117e+000	7.850323e-001	2.615576e-001
4.690000000000032e-002	7.546473e-001	3.597057e+000	7.851858e-001	2.616384e-001
4.700000000000032e-002	7.547026e-001	3.597996e+000	7.853391e-001	2.617191e-001
4.710000000000032e-002	7.547579e-001	3.598934e+000	7.854922e-001	2.617996e-001
4.720000000000033e-002	7.548122e-001	3.599871e+000	7.856452e-001	2.618800e-001
4.730000000000033e-002	7.548671e-001	3.600808e+000	7.857979e-001	2.619602e-001
4.740000000000033e-002	7.549219e-001	3.601744e+000	7.859504e-001	2.620403e-001
4.750000000000033e-002	7.549763e-001	3.602679e+000	7.861027e-001	2.621202e-001
4.760000000000034e-002	7.550306e-001	3.603613e+000	7.862548e-001	2.621999e-001
4.770000000000034e-002	7.550850e-001	3.604547e+000	7.864067e-001	2.622795e-001
4.780000000000034e-002	7.551394e-001	3.605480e+000	7.865584e-001	2.623589e-001
4.790000000000035e-002	7.551937e-001	3.606411e+000	7.867099e-001	2.624381e-001
4.800000000000035e-002	7.552471e-001	3.607343e+000	7.868612e-001	2.625173e-001
4.810000000000035e-002	7.553010e-001	3.608274e+000	7.870124e-001	2.625962e-001
4.820000000000035e-002	7.553549e-001	3.609203e+000	7.871633e-001	2.626750e-001
4.830000000000036e-002	7.554088e-001	3.610132e+000	7.873140e-001	2.627537e-001
4.840000000000036e-002	7.554622e-001	3.611060e+000	7.874645e-001	2.628322e-001
4.850000000000036e-002	7.555151e-001	3.611988e+000	7.876148e-001	2.629105e-001
4.860000000000037e-002	7.555685e-001	3.612914e+000	7.877650e-001	2.629887e-001
4.870000000000037e-002	7.556219e-001	3.613840e+000	7.879148e-001	2.630668e-001
4.880000000000037e-002	7.556748e-001	3.614766e+000	7.880646e-001	2.631447e-001
4.890000000000037e-002	7.557278e-001	3.615690e+000	7.882142e-001	2.632224e-001
4.900000000000038e-002	7.557807e-001	3.616614e+000	7.883636e-001	2.633000e-001
4.910000000000038e-002	7.558336e-001	3.617537e+000	7.885128e-001	2.633775e-001
4.920000000000038e-002	7.558861e-001	3.618460e+000	7.886617e-001	2.634548e-001
4.930000000000039e-002	7.559381e-001	3.619381e+000	7.888106e-001	2.635320e-001
4.940000000000039e-002	7.559910e-001	3.620302e+000	7.889592e-001	2.636090e-001
4.950000000000039e-002	7.560434e-001	3.621222e+000	7.891077e-001	2.636859e-001
4.960000000000039e-002	7.560954e-001	3.622141e+000	7.892559e-001	2.637626e-001
4.970000000000040e-002	7.561474e-001	3.623060e+000	7.894040e-001	2.638392e-001
4.980000000000040e-002	7.561994e-001	3.623978e+000	7.895518e-001	2.639156e-001
4.990000000000040e-002	7.562513e-001	3.624896e+000	7.896995e-001	2.639919e-001
5.000000000000041e-002	7.563028e-001	3.625812e+000	7.898471e-001	2.640680e-001
5.010000000000041e-002	7.563548e-001	3.626728e+000	7.899944e-001	2.641440e-001
5.020000000000041e-002	7.564063e-001	3.627643e+000	7.901416e-001	2.642199e-001
5.030000000000041e-002	7.564578e-001	3.628558e+000	7.902885e-001	2.642956e-001
5.040000000000042e-002	7.565093e-001	3.629471e+000	7.904354e-001	2.643712e-001
5.050000000000042e-002	7.565603e-001	3.630385e+000	7.905820e-001	2.644467e-001
5.060000000000042e-002	7.566113e-001	3.631297e+000	7.907284e-001	2.645220e-001
5.070000000000043e-002	7.566628e-001	3.632209e+000	7.908746e-001	2.645971e-001
5.080000000000043e-002	7.567139e-001	3.633120e+000	7.910207e-001	2.646722e-001
5.090000000000043e-002	7.567644e-001	3.634030e+000	7.911667e-001	2.647471e-001
5.100000000000043e-002	7.568154e-001	3.634940e+000	7.913124e-001	2.648218e-001
5.110000000000044e-002	7.568660e-001	3.635849e+000	7.914580e-001	2.648965e-001
5.120000000000044e-002	7.569165e-001	3.636757e+000	7.916034e-001	2.649709e-001
5.130000000000044e-002	7.569671e-001	3.637665e+000	7.917486e-001	2.650453e-001
5.140000000000045e-002	7.570176e-001	3.638572e+000	7.918937e-001	2.651195e-001
5.150000000000045e-002	7.570677e-001	3.639478e+000	7.920386e-001	2.651936e-001
5.160000000000045e-002	7.571177e-001	3.640384e+000	7.921833e-001	2.652675e-001
5.170000000000045e-002	7.571678e-001	3.641289e+000	7.923278e-001	2.653413e-001
5.180000000000046e-002	7.572179e-001	3.642194e+000	7.924722e-001	2.654150e-001
5.190000000000046e-002	7.572675e-001	3.643098e+000	7.926163e-001	2.654886e-001
5.200000000000046e-002	7.573175e-001	3.644000e+000	7.927603e-001	2.655620e-001
5.210000000000047e-002	7.573676e-001	3.644903e+000	7.929042e-001	2.656353e-001
5.220000000000047e-002	7.574167e-001	3.645804e+000	7.930479e-001	2.657084e-001
5.230000000000047e-002	7.574663e-001	3.646706e+000	7.931915e-001	2.657815e-001
5.240000000000047e-002	7.575159e-001	3.647606e+000	7.933348e-001	2.658544e-001
5.250000000000048e-002	7.575650e-001	3.648506e+000	7.934780e-001	2.659271e-001
5.260000000000048e-002	7.576141e-001	3.649405e+000	7.936211e-001	2.659998e-001
5.270000000000048e-002	7.576637e-001	3.650304e+000	7.937639e-001	2.660723e-001
5.280000000000049e-002	7.577128e-001	3.651201e+000	7.939067e-001	2.661447e-001
5.290000000000049e-002	7.577610e-001	3.652099e+000	7.940491e-001	2.662169e-001
5.300000000000049e-002	7.578101e-001	3.652996e+000	7.941916e-001	2.662890e-001
5.310000000000049e-002	7.578592e-001	3.653891e+000	7.943338e-001	2.663610e-001
5.320000000000050e-002	7.579074e-001	3.654787e+000	7.944759e-001	2.664329e-001
5.330000000000050e-002	7.579560e-001	3.655682e+000	7.946177e-001	2.665047e-001
5.340000000000050e-002	7.580047e-001	3.656576e+000	7.947595e-001	2.665763e-001
5.350000000000051e-002	7.580533e-001	3.657470e+000	7.949010e-001	2.666478e-001
5.360000000000051e-002	7.581015e-001	3.658363e+000	7.950425e-001	2.667192e-001
5.370000000000051e-002	7.581496e-001	3.659255e+000	7.951837e-001	2.667904e-001
5.380000000000051e-002	7.581978e-001	3.660147e+000	7.953248e-001	2.668616e-001
5.390000000000052e-002	7.582455e-001	3.661038e+000	7.954658e-001	2.669325e-001
5.400000000000052e-002	7.582936e-001	3.661928e+000	7.956066e-001	2.670034e-001
5.410000000000052e-002	7.583413e-001	3.662818e+000	7.957472e-001	2.670742e-001
5.420000000000053e-002	7.583890e-001	3.663708e+000	7.958878e-001	2.671449e-001
5.430000000000053e-002	7.584367e-001	3.664597e+000	7.960280e-001	2.672154e-001
5.440000000000053e-002	7.584844e-001	3.665485e+000	7.961682e-001	2.672858e-001
5.450000000000053e-002	7.585320e-001	3.666372e+000	7.963082e-001	2.673561e-001
5.460000000000054e-002	7.585793e-001	3.667259e+000	7.964481e-001	2.674262e-001
5.470000000000054e-002	7.586269e-001	3.668145e+000	7.965878e-001	2.674963e-001
5.480000000000054e-002	7.586741e-001	3.669031e+000	7.967274e-001	2.675662e-001
5.490000000000055e-002	7.587209e-001	3.669917e+000	7.968668e-001	2.676360e-001
5.500000000000055e-002	7.587681e-001	3.670801e+000	7.970061e-001	2.677057e-001
5.510000000000055e-002	7.588148e-001	3.671685e+000	7.971452e-001	2.677753e-001
5.520000000000055e-002	7.588625e-001	3.672568e+000	7.972842e-001	2.678447e-001
5.530000000000056e-002	7.589092e-001	3.673451e+000	7.974230e-001	2.679141e-001
5.540000000000056e-002	7.589555e-001	3.674334e+000	7.975617e-001	2.679833e-001
5.550000000000056e-002	7.590027e-001	3.675215e+000	7.977002e-001	2.680524e-001
5.560000000000057e-002	7.590489e-001	3.676096e+000	7.978385e-001	2.681214e-001
5.570000000000057e-002	7.590957e-001	3.676977e+000	7.979769e-001	2.681903e-001
5.580000000000057e-002	7.591419e-001	3.677857e+000	7.981149e-001	2.682590e-001
5.590000000000057e-002	7.591882e-001	3.678736e+000	7.982529e-001	2.683277e-001
5.600000000000058e-002	7.592344e-001	3.679615e+000	7.983906e-001	2.683962e-001
5.610000000000058e-002	7.592807e-001	3.680494e+000	7.985283e-001	2.684646e-001
5.620000000000058e-002	7.593269e-001	3.681371e+000	7.986658e-001	2.685329e-001
5.630000000000059e-002	7.593727e-001	3.682249e+000	7.988031e-001	2.686011e-001
5.640000000000059e-002	7.594185e-001	3.683125e+000	7.989403e-001	2.686692e-001
5.650000000000059e-002	7.594643e-001	3.684002e+000	7.990774e-001	2.687372e-001
5.660000000000059e-002	7.595100e-001	3.684877e+000	7.992143e-001	2.688051e-001
5.670000000000060e-002	7.595558e-001	3.685752e+000	7.993511e-001	2.688728e-001
5.680000000000060e-002	7.596011e-001	3.686627e+000	7.994878e-001	2.689404e-001
5.690000000000060e-002	7.596469e-001	3.687500e+000	7.996243e-001	2.690080e-001
5.700000000000061e-002	7.596922e-001	3.688374e+000	7.997607e-001	2.690754e-001
5.710000000000061e-002	7.597375e-001	3.689247e+000	7.998969e-001	2.691427e-001
5.720000000000061e-002	7.597828e-001	3.690119e+000	8.000330e-001	2.692100e-001
5.730000000000061e-002	7.598281e-001	3.690991e+000	8.001689e-001	2.692770e-001
5.740000000000062e-002	7.598729e-001	3.691862e+000	8.003047e-001	2.693440e-001
5.750000000000062e-002	7.599177e-001	3.692733e+000	8.004405e-001	2.694109e-001
5.760000000000062e-002	7.599630e-001	3.693603e+000	8.005760e-001	2.694777e-001
5.770000000000063e-002	7.600079e-001	3.694472e+000	8.007114e-001	2.695443e-001
5.780000000000063e-002	7.600527e-001	3.695341e+000	8.008467e-001	2.696109e-001
5.790000000000063e-002	7.600975e-001	3.696210e+000	8.009818e-001	2.696773e-001
5.800000000000063e-002	7.601418e-001	3.697078e+000	8.011168e-001	2.697437e-001
5.810000000000064e-002	7.601867e-001	3.697946e+000	8.012517e-001	2.698099e-001
5.820000000000064e-002	7.602310e-001	3.698813e+000	8.013864e-001	2.698761e-001
5.830000000000064e-002	7.602754e-001	3.699679e+000	8.015210e-001	2.699421e-001
5.840000000000065e-002	7.603197e-001	3.700545e+000	8.016554e-001	2.700081e-001
5.850000000000065e-002	7.603641e-001	3.701411e+000	8.017898e-001	2.700739e-001
5.860000000000065e-002	7.604084e-001	3.702276e+000	8.019240e-001	2.701396e-001
5.870000000000065e-002	7.604523e-001	3.703140e+000	8.020580e-001	2.702052e-001
5.880000000000066e-002	7.604961e-001	3.704004e+000	8.021919e-001	2.702707e-001
5.890000000000066e-002	7.605405e-001	3.704867e+000	8.023258e-001	2.703361e-001
5.900000000000066e-002	7.605844e-001	3.705730e+000	8.024594e-001	2.704014e-001
5.910000000000067e-002	7.606277e-001	3.706593e+000	8.025929e-001	2.704667e-001
5.920000000000067e-002	7.606716e-001	3.707455e+000	8.027264e-001	2.705317e-001
5.930000000000067e-002	7.607150e-001	3.708316e+000	8.028596e-001	2.705968e-001
5.940000000000067e-002	7.607589e-001	3.709177e+000	8.029929e-001	2.706617e-001
5.950000000000068e-002	7.608023e-001	3.710037e+000	8.031258e-001	2.707265e-001
5.960000000000068e-002	7.608457e-001	3.710897e+000	8.032588e-001	2.707912e-001
5.970000000000068e-002	7.608891e-001	3.711757e+000	8.033915e-001	2.708558e-001
5.980000000000069e-002	7.609324e-001	3.712616e+000	8.035241e-001	2.709203e-001
5.990000000000069e-002	7.609758e-001	3.713474e+000	8.036567e-001	2.709847e-001
6.000000000000069e-002	7.610188e-001	3.714332e+000	8.037890e-001	2.710490e-001
6.010000000000070e-002	7.610621e-001	3.715190e+000	8.039213e-001	2.711132e-001
6.020000000000070e-002	7.611046e-001	3.716047e+000	8.040534e-001	2.711773e-001
6.030000000000070e-002	7.611480e-001	3.716903e+000	8.041855e-001	2.712413e-001
6.040000000000070e-002	7.611904e-001	3.717759e+000	8.043173e-001	2.713052e-001
6.050000000000071e-002	7.612338e-001	3.718614e+000	8.044491e-001	2.713690e-001
6.060000000000071e-002	7.612762e-001	3.719470e+000	8.045808e-001	2.714328e-001
6.070000000000071e-002	7.613192e-001	3.720324e+000	8.047123e-001	2.714964e-001
6.080000000000072e-002	7.613616e-001	3.721178e+000	8.048437e-001	2.715599e-001
6.090000000000072e-002	7.614040e-001	3.722032e+000	8.049749e-001	2.716233e-001
6.100000000000072e-002	7.614465e-001	3.722885e+000	8.051060e-001	2.716867e-001
6.110000000000072e-002	7.614889e-001	3.723737e+000	8.052371e-001	2.717499e-001
6.120000000000073e-002	7.615309e-001	3.724590e+000	8.053680e-001	2.718131e-001
6.130000000000073e-002	7.615733e-001	3.725441e+000	8.054988e-001	2.718761e-001
6.140000000000073e-002	7.616153e-001	3.726293e+000	8.056295e-001	2.719391e-001
6.150000000000074e-002	7.616577e-001	3.727144e+000	8.057600e-001	2.720019e-001
6.160000000000074e-002	7.616997e-001	3.727994e+000	8.058904e-001	2.720647e-001
6.170000000000074e-002	7.617416e-001	3.728844e+000	8.060208e-001	2.721274e-001
6.180000000000074e-002	7.617831e-001	3.729694e+000	8.061509e-001	2.721899e-001
6.190000000000075e-002	7.618251e-001	3.730542e+000	8.062810e-001	2.722524e-001
6.200000000000075e-002	7.618670e-001	3.731390e+000	8.064110e-001	2.723148e-001
6.210000000000075e-002	7.619085e-001	3.732239e+000	8.065407e-001	2.723771e-001
6.220000000000076e-002	7.619500e-001	3.733086e+000	8.066704e-001	2.724394e-001
6.230000000000076e-002	7.619920e-001	3.733933e+000	8.068001e-001	2.725015e-001
6.240000000000076e-002	7.620330e-001	3.734780e+000	8.069296e-001	2.725635e-001
6.250000000000076e-002	7.620745e-001	3.735627e+000	8.070589e-001	2.726254e-001
6.260000000000077e-002	7.621160e-001	3.736472e+000	8.071882e-001	2.726873e-001
6.270000000000077e-002	7.621574e-001	3.737317e+000	8.073173e-001	2.727490e-001
6.280000000000077e-002	7.621984e-001	3.738162e+000	8.074464e-001	2.728107e-001
6.290000000000078e-002	7.622399e-001	3.739007e+000	8.075752e-001	2.728723e-001
6.300000000000078e-002	7.622809e-001	3.739851e+000	8.077039e-001	2.729338e-001
6.310000000000078e-002	7.623219e-001	3.740694e+000	8.078327e-001	2.729951e-001
6.320000000000078e-002	7.623630e-001	3.741537e+000	8.079613e-001	2.730565e-001
6.330000000000079e-002	7.624035e-001	3.742380e+000	8.080897e-001	2.731177e-001
6.340000000000079e-002	7.624445e-001	3.743222e+000	8.082180e-001	2.731788e-001
6.350000000000079e-002	7.624850e-001	3.744064e+000	8.083463e-001	2.732399e-001
6.360000000000080e-002	7.625260e-001	3.744905e+000	8.084744e-001	2.733008e-001
6.370000000000080e-002	7.625670e-001	3.745746e+000	8.086023e-001	2.733617e-001
6.380000000000080e-002	7.626071e-001	3.746587e+000	8.087302e-001	2.734224e-001
6.390000000000080e-002	7.626476e-001	3.747427e+000	8.088579e-001	2.734831e-001
6.400000000000081e-002	7.626882e-001	3.748266e+000	8.089857e-001	2.735437e-001
6.410000000000081e-002	7.627282e-001	3.749106e+000	8.091131e-001	2.736043e-001
6.420000000000081e-002	7.627687e-001	3.749945e+000	8.092406e-001	2.736647e-001
6.430000000000082e-002	7.628093e-001	3.750783e+000	8.093680e-001	2.737250e-001
6.440000000000082e-002	7.628493e-001	3.751621e+000	8.094952e-001	2.737853e-001
6.450000000000082e-002	7.628894e-001	3.752458e+000	8.096223e-001	2.738455e-001
6.460000000000082e-002	7.629294e-001	3.753295e+000	8.097493e-001	2.739056e-001
6.470000000000083e-002	7.629695e-001	3.754132e+000	8.098762e-001	2.739656e-001
6.480000000000083e-002	7.630091e-001	3.754968e+000	8.100030e-001	2.740255e-001
6.490000000000083e-002	7.630491e-001	3.755804e+000	8.101296e-001	2.740853e-001
6.500000000000084e-002	7.630892e-001	3.756639e+000	8.102562e-001	2.741451e-001
6.510000000000084e-002	7.631288e-001	3.757475e+000	8.103827e-001	2.742047e-001
6.520000000000084e-002	7.631683e-001	3.758309e+000	8.105090e-001	2.742643e-001
6.530000000000084e-002	7.632079e-001	3.759143e+000	8.106353e-001	2.743238e-001
6.540000000000085e-002	7.632480e-001	3.759977e+000	8.107614e-001	2.743832e-001
6.550000000000085e-002	7.632871e-001	3.760810e+000	8.108875e-001	2.744426e-001
6.560000000000085e-002	7.633266e-001	3.761643e+000	8.110135e-001	2.745018e-001
6.570000000000086e-002	7.633662e-001	3.762476e+000	8.111392e-001	2.745610e-001
6.580000000000086e-002	7.634058e-001	3.763308e+000	8.112650e-001	2.746201e-001
6.590000000000086e-002	7.634449e-001	3.764140e+000	8.113905e-001	2.746791e-001
6.600000000000086e-002	7.634840e-001	3.764971e+000	8.115160e-001	2.747380e-001
6.610000000000087e-002	7.635231e-001	3.765802e+000	8.116415e-001	2.747968e-001
6.620000000000087e-002	7.635627e-001	3.766632e+000	8.117668e-001	2.748556e-001
6.630000000000087e-002	7.636013e-001	3.767462e+000	8.118920e-001	2.749143e-001
6.640000000000088e-002	7.636404e-001	3.768292e+000	8.120171e-001	2.749729e-001
6.650000000000088e-002	7.636795e-001	3.769121e+000	8.121421e-001	2.750314e-001
6.660000000000088e-002	7.637181e-001	3.769950e+000	8.122670e-001	2.750898e-001
6.670000000000088e-002	7.637568e-001	3.770779e+000	8.123917e-001	2.751482e-001
6.680000000000089e-002	7.637954e-001	3.771607e+000	8.125165e-001	2.752064e-001
6.690000000000089e-002	7.638345e-001	3.772434e+000	8.126410e-001	2.752647e-001
6.700000000000089e-002	7.638731e-001	3.773262e+000	8.127655e-001	2.753228e-001
6.710000000000090e-002	7.639112e-001	3.774089e+000	8.128898e-001	2.753808e-001
6.720000000000090e-002	7.639503e-001	3.774915e+000	8.130141e-001	2.754388e-001
6.730000000000090e-002	7.639885e-001	3.775742e+000	8.131383e-001	2.754967e-001
6.740000000000090e-002	7.640271e-001	3.776567e+000	8.132624e-001	2.755544e-001
6.750000000000091e-002	7.640653e-001	3.777393e+000	8.133864e-001	2.756122e-001
6.760000000000091e-002	7.641034e-001	3.778218e+000	8.135103e-001	2.756698e-001
6.770000000000091e-002	7.641420e-001	3.779042e+000	8.136342e-001	2.757274e-001
6.780000000000092e-002	7.641797e-001	3.779866e+000	8.137577e-001	2.757849e-001
6.790000000000092e-002	7.642183e-001	3.780690e+000	8.138814e-001	2.758423e-001
6.800000000000092e-002	7.642565e-001	3.781513e+000	8.140049e-001	2.758996e-001
6.810000000000092e-002	7.642941e-001	3.782337e+000	8.141282e-001	2.759569e-001
6.820000000000093e-002	7.643323e-001	3.783159e+000	8.142515e-001	2.760141e-001
6.830000000000093e-002	7.643700e-001	3.783982e+000	8.143748e-001	2.760712e-001
6.840000000000093e-002	7.644081e-001	3.784804e+000	8.144979e-001	2.761282e-001
6.850000000000094e-002	7.644453e-001	3.785625e+000	8.146208e-001	2.761852e-001
6.860000000000094e-002	7.644835e-001	3.786447e+000	8.147437e-001	2.762421e-001
6.870000000000094e-002	7.645211e-001	3.787267e+000	8.148665e-001	2.762989e-001
6.880000000000094e-002	7.645588e-001	3.788088e+000	8.149892e-001	2.763556e-001
6.890000000000095e-002	7.645960e-001	3.788908e+000	8.151118e-001	2.764123e-001
6.900000000000095e-002	7.646341e-001	3.789727e+000	8.152345e-001	2.764688e-001
6.910000000000095e-002	7.646713e-001	3.790547e+000	8.153569e-001	2.765253e-001
6.920000000000096e-002	7.647090e-001	3.791366e+000	8.154791e-001	2.765818e-001
6.930000000000096e-002	7.647457e-001	3.792185e+000	8.156013e-001	2.766382e-001
6.940000000000096e-002	7.647834e-001	3.793003e+000	8.157235e-001	2.766944e-001
6.950000000000096e-002	7.648206e-001	3.793821e+000	8.158456e-001	2.767507e-001
6.960000000000097e-002	7.648578e-001	3.794638e+000	8.159676e-001	2.768068e-001
6.970000000000097e-002	7.648945e-001	3.795455e+000	8.160894e-001	2.768628e-001
6.980000000000097e-002	7.649322e-001	3.796272e+000	8.162112e-001	2.769188e-001
6.990000000000098e-002	7.649689e-001	3.797089e+000	8.163329e-001	2.769747e-001
7.000000000000098e-002	7.650061e-001	3.797904e+000	8.164544e-001	2.770306e-001
7.010000000000098e-002	7.650428e-001	3.798720e+000	8.165759e-001	2.770864e-001
7.020000000000098e-002	7.650800e-001	3.799536e+000	8.166973e-001	2.771421e-001
7.030000000000099e-002	7.651167e-001	3.800350e+000	8.168186e-001	2.771977e-001
7.040000000000099e-002	7.651529e-001	3.801165e+000	8.169398e-001	2.772533e-001
7.050000000000099e-002	7.651896e-001	3.801980e+000	8.170610e-001	2.773087e-001
7.060000000000100e-002	7.652264e-001	3.802794e+000	8.171820e-001	2.773642e-001
7.070000000000100e-002	7.652636e-001	3.803607e+000	8.173029e-001	2.774195e-001
7.080000000000100e-002	7.652998e-001	3.804420e+000	8.174238e-001	2.774748e-001
7.090000000000100e-002	7.653365e-001	3.805233e+000	8.175445e-001	2.775300e-001
7.100000000000101e-002	7.653728e-001	3.806046e+000	8.176652e-001	2.775851e-001
7.110000000000101e-002	7.654095e-001	3.806858e+000	8.177858e-001	2.776402e-001
7.120000000000101e-002	7.654457e-001	3.807670e+000	8.179063e-001	2.776951e-001
7.130000000000102e-002	7.654819e-001	3.808481e+000	8.180267e-001	2.777501e-001
7.140000000000102e-002	7.655182e-001	3.809292e+000	8.181470e-001	2.778049e-001
7.150000000000102e-002	7.655544e-001	3.810103e+000	8.182672e-001	2.778597e-001
7.160000000000102e-002	7.655902e-001	3.810914e+000	8.183874e-001	2.779144e-001
7.170000000000103e-002	7.656264e-001	3.811724e+000	8.185074e-001	2.779691e-001
7.180000000000103e-002	7.656627e-001	3.812533e+000	8.186273e-001	2.780236e-001
7.190000000000103e-002	7.656989e-001	3.813343e+000	8.187472e-001	2.780781e-001
7.200000000000104e-002	7.657347e-001	3.814152e+000	8.188671e-001	2.781326e-001
7.210000000000104e-002	7.657709e-001	3.814960e+000	8.189867e-001	2.781869e-001
7.220000000000104e-002	7.658062e-001	3.815769e+000	8.191064e-001	2.782412e-001
7.230000000000104e-002	7.658420e-001	3.816577e+000	8.192258e-001	2.782955e-001
7.240000000000105e-002	7.658777e-001	3.817385e+000	8.193452e-001	2.783496e-001
7.250000000000105e-002	7.659135e-001	3.818193e+000	8.194646e-001	2.784037e-001
7.260000000000105e-002	7.659488e-001	3.819000e+000	8.195839e-001	2.784578e-001
7.270000000000106e-002	7.659850e-001	3.819806e+000	8.197030e-001	2.785117e-001
7.280000000000106e-002	7.660208e-001	3.820612e+000	8.198221e-001	2.785656e-001
7.290000000000106e-002	7.660561e-001	3.821419e+000	8.199411e-001	2.786194e-001
7.300000000000106e-002	7.660913e-001	3.822224e+000	8.200601e-001	2.786732e-001
7.310000000000107e-002	7.661266e-001	3.823030e+000	8.201789e-001	2.787269e-001
7.320000000000107e-002	7.661619e-001	3.823835e+000	8.202977e-001	2.787805e-001
7.330000000000107e-002	7.661972e-001	3.824640e+000	8.204164e-001	2.788341e-001
7.340000000000108e-002	7.662325e-001	3.825444e+000	8.205349e-001	2.788876e-001
7.350000000000108e-002	7.662678e-001	3.826248e+000	8.206533e-001	2.789410e-001
7.360000000000108e-002	7.663031e-001	3.827052e+000	8.207718e-001	2.789944e-001
7.370000000000108e-002	7.663383e-001	3.827855e+000	8.208901e-001	2.790477e-001
7.380000000000109e-002	7.663736e-001	3.828658e+000	8.210083e-001	2.791009e-001
7.390000000000109e-002	7.664084e-001	3.829461e+000	8.211266e-001	2.791541e-001
7.400000000000109e-002	7.664433e-001	3.830264e+000	8.212447e-001	2.792072e-001
7.410000000000110e-002	7.664781e-001	3.831066e+000	8.213626e-001	2.792602e-001
7.420000000000110e-002	7.665129e-001	3.831868e+000	8.214805e-001	2.793132e-001
7.430000000000110e-002	7.665482e-001	3.832669e+000	8.215984e-001	2.793661e-001
7.440000000000110e-002	7.665830e-001	3.833471e+000	8.217161e-001	2.794189e-001
7.450000000000111e-002	7.666173e-001	3.834271e+000	8.218338e-001	2.794717e-001
7.460000000000111e-002	7.666521e-001	3.835072e+000	8.219513e-001	2.795244e-001
7.470000000000111e-002	7.666869e-001	3.835872e+000	8.220689e-001	2.795771e-001
7.480000000000112e-002	7.667217e-001	3.836672e+000	8.221863e-001	2.796296e-001
7.490000000000112e-002	7.667556e-001	3.837472e+000	8.223036e-001	2.796822e-001
7.500000000000112e-002	7.667904e-001	3.838271e+000	8.224209e-001	2.797346e-001
7.510000000000112e-002	7.668252e-001	3.839070e+000	8.225380e-001	2.797870e-001
7.520000000000113e-002	7.668591e-001	3.839869e+000	8.226552e-001	2.798394e-001
7.530000000000113e-002	7.668939e-001	3.840667e+000	8.227722e-001	2.798916e-001
7.540000000000113e-002	7.669282e-001	3.841465e+000	8.228892e-001	2.799439e-001
7.550000000000114e-002	7.669621e-001	3.842263e+000	8.230059e-001	2.799960e-001
7.560000000000114e-002	7.669969e-001	3.843060e+000	8.231228e-001	2.800481e-001
7.570000000000114e-002	7.670307e-001	3.843858e+000	8.232394e-001	2.801001e-001
7.580000000000114e-002	7.670646e-001	3.844655e+000	8.233560e-001	2.801521e-001
7.590000000000115e-002	7.670989e-001	3.845451e+000	8.234726e-001	2.802040e-001
7.600000000000115e-002	7.671332e-001	3.846247e+000	8.235891e-001	2.802558e-001
7.610000000000115e-002	7.671671e-001	3.847043e+000	8.237055e-001	2.803076e-001
7.620000000000116e-002	7.672009e-001	3.847839e+000	8.238218e-001	2.803593e-001
7.630000000000116e-002	7.672348e-001	3.848634e+000	8.239380e-001	2.804110e-001
7.640000000000116e-002	7.672687e-001	3.849429e+000	8.240542e-001	2.804626e-001
7.650000000000116e-002	7.673025e-001	3.850224e+000	8.241703e-001	2.805141e-001
7.660000000000117e-002	7.673364e-001	3.851018e+000	8.242863e-001	2.805656e-001
7.670000000000117e-002	7.673697e-001	3.851813e+000	8.244021e-001	2.806170e-001
7.680000000000117e-002	7.674041e-001	3.852606e+000	8.245180e-001	2.806683e-001
7.690000000000118e-002	7.674379e-001	3.853400e+000	8.246337e-001	2.807196e-001
7.700000000000118e-002	7.674713e-001	3.854193e+000	8.247495e-001	2.807708e-001
7.710000000000118e-002	7.675047e-001	3.854986e+000	8.248651e-001	2.808220e-001
7.720000000000118e-002	7.675381e-001	3.855779e+000	8.249807e-001	2.808731e-001
7.730000000000119e-002	7.675719e-001	3.856571e+000	8.250960e-001	2.809242e-001
7.740000000000119e-002	7.676053e-001	3.857363e+000	8.252115e-001	2.809752e-001
7.750000000000119e-002	7.676387e-001	3.858155e+000	8.253268e-001	2.810261e-001
7.760000000000120e-002	7.676716e-001	3.858947e+000	8.254420e-001	2.810770e-001
7.770000000000120e-002	7.677050e-001	3.859738e+000	8.255571e-001	2.811278e-001
7.780000000000120e-002	7.677388e-001	3.860528e+000	8.256722e-001	2.811786e-001
7.790000000000120e-002	7.677717e-001	3.861319e+000	8.257873e-001	2.812293e-001
7.800000000000121e-002	7.678051e-001	3.862109e+000	8.259021e-001	2.812799e-001
7.810000000000121e-002	7.678380e-001	3.862899e+000	8.260170e-001	2.813305e-001
7.820000000000121e-002	7.678709e-001	3.863689e+000	8.261318e-001	2.813810e-001
7.830000000000122e-002	7.679043e-001	3.864478e+000	8.262466e-001	2.814315e-001
7.840000000000122e-002	7.679372e-001	3.865268e+000	8.263612e-001	2.814819e-001
7.850000000000122e-002	7.679701e-001	3.866056e+000	8.264757e-001	2.815322e-001
7.860000000000122e-002	7.680030e-001	3.866845e+000	8.265903e-001	2.815825e-001
7.870000000000123e-002	7.680359e-001	3.867633e+000	8.267047e-001	2.816328e-001
7.880000000000123e-002	7.680688e-001	3.868422e+000	8.268190e-001	2.816829e-001
7.890000000000123e-002	7.681017e-001	3.869209e+000	8.269333e-001	2.817330e-001
7.900000000000124e-002	7.681346e-001	3.869996e+000	8.270475e-001	2.817831e-001
7.910000000000124e-002	7.681670e-001	3.870784e+000	8.271616e-001	2.818331e-001
7.920000000000124e-002	7.681999e-001	3.871570e+000	8.272757e-001	2.818831e-001
7.930000000000124e-002	7.682323e-001	3.872357e+000	8.273896e-001	2.819330e-001
7.940000000000125e-002	7.682652e-001	3.873143e+000	8.275036e-001	2.819828e-001
7.950000000000125e-002	7.682977e-001	3.873930e+000	8.276173e-001	2.820326e-001
7.960000000000125e-002	7.683301e-001	3.874716e+000	8.277312e-001	2.820823e-001
7.970000000000126e-002	7.683630e-001	3.875501e+000	8.278448e-001	2.821320e-001
7.980000000000126e-002	7.683949e-001	3.876286e+000	8.279584e-001	2.821816e-001
7.990000000000126e-002	7.684274e-001	3.877071e+000	8.280720e-001	2.822311e-001
8.000000000000127e-002	7.684598e-001	3.877856e+000	8.281855e-001	2.822806e-001
8.010000000000127e-002	7.684917e-001	3.878640e+000	8.282989e-001	2.823301e-001
8.020000000000127e-002	7.685246e-001	3.879424e+000	8.284122e-001	2.823795e-001
8.030000000000127e-002	7.685566e-001	3.880208e+000	8.285255e-001	2.824288e-001
8.040000000000128e-002	7.685890e-001	3.880992e+000	8.286387e-001	2.824781e-001
8.050000000000128e-002	7.686210e-001	3.881775e+000	8.287518e-001	2.825273e-001
8.060000000000128e-002	7.686529e-001	3.882558e+000	8.288649e-001	2.825765e-001
8.070000000000129e-002	7.686853e-001	3.883341e+000	8.289779e-001	2.826256e-001
8.080000000000129e-002	7.687168e-001	3.884123e+000	8.290907e-001	2.826746e-001
8.090000000000129e-002	7.687488e-001	3.884906e+000	8.292036e-001	2.827237e-001
8.100000000000129e-002	7.687807e-001	3.885687e+000	8.293164e-001	2.827726e-001
8.110000000000130e-002	7.688131e-001	3.886469e+000	8.294292e-001	2.828215e-001
8.120000000000130e-002	7.688451e-001	3.887250e+000	8.295417e-001	2.828704e-001
8.130000000000130e-002	7.688766e-001	3.888032e+000	8.296544e-001	2.829191e-001
8.140000000000131e-002	7.689085e-001	3.888813e+000	8.297668e-001	2.829679e-001
8.150000000000131e-002	7.689400e-001	3.889593e+000	8.298793e-001	2.830166e-001
8.160000000000131e-002	7.689719e-001	3.890374e+000	8.299916e-001	2.830652e-001
8.170000000000131e-002	7.690039e-001	3.891153e+000	8.301039e-001	2.831138e-001
8.180000000000132e-002	7.690353e-001	3.891933e+000	8.302162e-001	2.831623e-001
8.190000000000132e-002	7.690668e-001	3.892713e+000	8.303283e-001	2.832108e-001
8.200000000000132e-002	7.690983e-001	3.893492e+000	8.304405e-001	2.832592e-001
8.210000000000133e-002	7.691298e-001	3.894271e+000	8.305525e-001	2.833076e-001
8.220000000000133e-002	7.691612e-001	3.895050e+000	8.306644e-001	2.833559e-001
8.230000000000133e-002	7.691927e-001	3.895829e+000	8.307763e-001	2.834041e-001
8.240000000000133e-002	7.692246e-001	3.896607e+000	8.308881e-001	2.834523e-001
8.250000000000134e-002	7.692556e-001	3.897385e+000	8.309999e-001	2.835005e-001
8.260000000000134e-002	7.692871e-001	3.898162e+000	8.311116e-001	2.835486e-001
8.270000000000134e-002	7.693181e-001	3.898940e+000	8.312232e-001	2.835966e-001
8.280000000000135e-002	7.693496e-001	3.899717e+000	8.313347e-001	2.836446e-001
8.290000000000135e-002	7.693810e-001	3.900494e+000	8.314463e-001	2.836926e-001
8.300000000000135e-002	7.694120e-001	3.901271e+000	8.315577e-001	2.837405e-001
8.310000000000135e-002	7.694430e-001	3.902048e+000	8.316691e-001	2.837883e-001
8.320000000000136e-002	7.694740e-001	3.902824e+000	8.317803e-001	2.838361e-001
8.330000000000136e-002	7.695050e-001	3.903600e+000	8.318916e-001	2.838839e-001
8.340000000000136e-002	7.695360e-001	3.904376e+000	8.320028e-001	2.839316e-001
8.350000000000137e-002	7.695670e-001	3.905151e+000	8.321139e-001	2.839792e-001
8.360000000000137e-002	7.695985e-001	3.905926e+000	8.322249e-001	2.840268e-001
8.370000000000137e-002	7.696290e-001	3.906701e+000	8.323359e-001	2.840743e-001
8.380000000000137e-002	7.696600e-001	3.907476e+000	8.324468e-001	2.841218e-001
8.390000000000138e-002	7.696905e-001	3.908250e+000	8.325576e-001	2.841692e-001
8.400000000000138e-002	7.697215e-001	3.909024e+000	8.326685e-001	2.842166e-001
8.410000000000138e-002	7.697520e-001	3.909799e+000	8.327792e-001	2.842640e-001
8.420000000000139e-002	7.697835e-001	3.910572e+000	8.328899e-001	2.843112e-001
8.430000000000139e-002	7.698140e-001	3.911345e+000	8.330003e-001	2.843585e-001
8.440000000000139e-002	7.698445e-001	3.912119e+000	8.331108e-001	2.844057e-001
8.450000000000139e-002	7.698750e-001	3.912892e+000	8.332213e-001	2.844528e-001
8.460000000000140e-002	7.699056e-001	3.913664e+000	8.333317e-001	2.844999e-001
8.470000000000140e-002	7.699361e-001	3.914437e+000	8.334421e-001	2.845469e-001
8.480000000000140e-002	7.699671e-001	3.915209e+000	8.335524e-001	2.845939e-001
8.490000000000141e-002	7.699971e-001	3.915981e+000	8.336626e-001	2.846408e-001
8.500000000000141e-002	7.700276e-001	3.916753e+000	8.337727e-001	2.846877e-001
8.510000000000141e-002	7.700582e-001	3.917524e+000	8.338828e-001	2.847346e-001
8.520000000000141e-002	7.700887e-001	3.918296e+000	8.339928e-001	2.847814e-001
8.530000000000142e-002	7.701192e-001	3.919066e+000	8.341027e-001	2.848281e-001
8.540000000000142e-002	7.701492e-001	3.919837e+000	8.342127e-001	2.848748e-001
8.550000000000142e-002	7.701797e-001	3.920608e+000	8.343225e-001	2.849214e-001
8.560000000000143e-002	7.702093e-001	3.921378e+000	8.344322e-001	2.849680e-001
8.570000000000143e-002	7.702398e-001	3.922148e+000	8.345419e-001	2.850146e-001
8.580000000000143e-002	7.702699e-001	3.922918e+000	8.346516e-001	2.850611e-001
8.590000000000143e-002	7.703004e-001	3.923687e+000	8.347612e-001	2.851076e-001
8.600000000000144e-002	7.703300e-001	3.924457e+000	8.348707e-001	2.851540e-001
8.610000000000144e-002	7.703605e-001	3.925226e+000	8.349802e-001	2.852003e-001
8.620000000000144e-002	7.703905e-001	3.925995e+000	8.350896e-001	2.852466e-001
8.630000000000145e-002	7.704206e-001	3.926763e+000	8.351989e-001	2.852929e-001
8.640000000000145e-002	7.704501e-001	3.927532e+000	8.353082e-001	2.853391e-001
8.650000000000145e-002	7.704802e-001	3.928300e+000	8.354174e-001	2.853853e-001
8.660000000000145e-002	7.705102e-001	3.929068e+000	8.355266e-001	2.854314e-001
8.670000000000146e-002	7.705402e-001	3.929836e+000	8.356356e-001	2.854774e-001
8.680000000000146e-002	7.705698e-001	3.930603e+000	8.357447e-001	2.855234e-001
8.690000000000146e-002	7.705994e-001	3.931370e+000	8.358537e-001	2.855694e-001
8.700000000000147e-002	7.706294e-001	3.932137e+000	8.359626e-001	2.856154e-001
8.710000000000147e-002	7.706590e-001	3.932904e+000	8.360715e-001	2.856612e-001
8.720000000000147e-002	7.706890e-001	3.933670e+000	8.361803e-001	2.857071e-001
8.730000000000147e-002	7.707186e-001	3.934437e+000	8.362890e-001	2.857529e-001
8.740000000000148e-002	7.707477e-001	3.935203e+000	8.363976e-001	2.857986e-001
8.750000000000148e-002	7.707777e-001	3.935969e+000	8.365063e-001	2.858443e-001
8.760000000000148e-002	7.708073e-001	3.936734e+000	8.366149e-001	2.858899e-001
8.770000000000149e-002	7.708364e-001	3.937500e+000	8.367233e-001	2.859355e-001
8.780000000000149e-002	7.708659e-001	3.938265e+000	8.368318e-001	2.859811e-001
8.790000000000149e-002	7.708955e-001	3.939030e+000	8.369402e-001	2.860266e-001
8.800000000000149e-002	7.709250e-001	3.939794e+000	8.370485e-001	2.860721e-001
8.810000000000150e-002	7.709541e-001	3.940559e+000	8.371567e-001	2.861175e-001
8.820000000000150e-002	7.709837e-001	3.941323e+000	8.372650e-001	2.861629e-001
8.830000000000150e-002	7.710128e-001	3.942087e+000	8.373731e-001	2.862082e-001
8.840000000000151e-002	7.710423e-001	3.942851e+000	8.374813e-001	2.862535e-001
8.850000000000151e-002	7.710714e-001	3.943615e+000	8.375892e-001	2.862987e-001
8.860000000000151e-002	7.711005e-001	3.944378e+000	8.376972e-001	2.863439e-001
8.870000000000151e-002	7.711301e-001	3.945141e+000	8.378051e-001	2.863890e-001
8.880000000000152e-002	7.711587e-001	3.945904e+000	8.379129e-001	2.864341e-001
8.890000000000152e-002	7.711878e-001	3.946666e+000	8.380209e-001	2.864792e-001
8.900000000000152e-002	7.712173e-001	3.947429e+000	8.381285e-001	2.865242e-001
8.910000000000153e-002	7.712460e-001	3.948191e+000	8.382362e-001	2.865691e-001
8.920000000000153e-002	7.712750e-001	3.948953e+000	8.383438e-001	2.866141e-001
8.930000000000153e-002	7.713041e-001	3.949715e+000	8.384514e-001	2.866590e-001
8.940000000000153e-002	7.713332e-001	3.950476e+000	8.385589e-001	2.867038e-001
8.950000000000154e-002	7.713623e-001	3.951238e+000	8.386664e-001	2.867486e-001
8.960000000000154e-002	7.713909e-001	3.951999e+000	8.387738e-001	2.867933e-001
8.970000000000154e-002	7.714200e-001	3.952760e+000	8.388812e-001	2.868380e-001
8.980000000000155e-002	7.714486e-001	3.953520e+000	8.389884e-001	2.868827e-001
8.990000000000155e-002	7.714777e-001	3.954281e+000	8.390957e-001	2.869273e-001
9.000000000000155e-002	7.715063e-001	3.955041e+000	8.392029e-001	2.869718e-001
9.010000000000155e-002	7.715349e-001	3.955801e+000	8.393100e-001	2.870164e-001
9.020000000000156e-002	7.715635e-001	3.956561e+000	8.394171e-001	2.870609e-001
9.030000000000156e-002	7.715921e-001	3.957321e+000	8.395241e-001	2.871053e-001
9.040000000000156e-002	7.716208e-001	3.958080e+000	8.396311e-001	2.871497e-001
9.050000000000157e-002	7.716494e-001	3.958839e+000	8.397379e-001	2.871940e-001
9.060000000000157e-002	7.716780e-001	3.959598e+000	8.398447e-001	2.872383e-001
9.070000000000157e-002	7.717061e-001	3.960357e+000	8.399515e-001	2.872826e-001
9.080000000000157e-002	7.717352e-001	3.961115e+000	8.400583e-001	2.873268e-001
9.090000000000158e-002	7.717638e-001	3.961873e+000	8.401650e-001	2.873710e-001
9.100000000000158e-002	7.717924e-001	3.962631e+000	8.402716e-001	2.874151e-001
9.110000000000158e-002	7.718205e-001	3.963390e+000	8.403782e-001	2.874592e-001
9.120000000000159e-002	7.718487e-001	3.964147e+000	8.404847e-001	2.875032e-001
9.130000000000159e-002	7.718768e-001	3.964905e+000	8.405912e-001	2.875473e-001
9.140000000000159e-002	7.719054e-001	3.965662e+000	8.406975e-001	2.875912e-001
9.150000000000159e-002	7.719336e-001	3.966419e+000	8.408039e-001	2.876351e-001
9.160000000000160e-002	7.719622e-001	3.967176e+000	8.409101e-001	2.876790e-001
9.170000000000160e-002	7.719903e-001	3.967932e+000	8.410164e-001	2.877229e-001
9.180000000000160e-002	7.720184e-001	3.968689e+000	8.411227e-001	2.877666e-001
9.190000000000161e-002	7.720461e-001	3.969445e+000	8.412288e-001	2.878104e-001
9.200000000000161e-002	7.720747e-001	3.970201e+000	8.413348e-001	2.878541e-001
9.210000000000161e-002	7.721028e-001	3.970957e+000	8.414409e-001	2.878978e-001
9.220000000000161e-002	7.721310e-001	3.971712e+000	8.415468e-001	2.879414e-001
9.230000000000162e-002	7.721591e-001	3.972468e+000	8.416528e-001	2.879850e-001
9.240000000000162e-002	7.721868e-001	3.973223e+000	8.417587e-001	2.880285e-001
9.250000000000162e-002	7.722149e-001	3.973978e+000	8.418644e-001	2.880720e-001
9.260000000000163e-002	7.722430e-001	3.974733e+000	8.419702e-001	2.881155e-001
9.270000000000163e-002	7.722707e-001	3.975487e+000	8.420759e-001	2.881589e-001
9.280000000000163e-002	7.722988e-001	3.976242e+000	8.421816e-001	2.882023e-001
9.290000000000163e-002	7.723265e-001	3.976996e+000	8.422871e-001	2.882456e-001
9.300000000000164e-002	7.723541e-001	3.977750e+000	8.423927e-001	2.882889e-001
9.310000000000164e-002	7.723818e-001	3.978504e+000	8.424983e-001	2.883321e-001
9.320000000000164e-002	7.724099e-001	3.979257e+000	8.426037e-001	2.883753e-001
9.330000000000165e-002	7.724376e-001	3.980010e+000	8.427091e-001	2.884185e-001
9.340000000000165e-002	7.724652e-001	3.980763e+000	8.428145e-001	2.884617e-001
9.350000000000165e-002	7.724929e-001	3.981516e+000	8.429197e-001	2.885047e-001
9.360000000000165e-002	7.725205e-001	3.982269e+000	8.430249e-001	2.885478e-001
9.370000000000166e-002	7.725482e-001	3.983022e+000	8.431301e-001	2.885908e-001
9.380000000000166e-002	7.725759e-001	3.983774e+000	8.432353e-001	2.886338e-001
9.390000000000166e-002	7.726035e-001	3.984526e+000	8.433403e-001	2.886767e-001
9.400000000000167e-002	7.726307e-001	3.985278e+000	8.434454e-001	2.887196e-001
9.410000000000167e-002	7.726583e-001	3.986030e+000	8.435504e-001	2.887624e-001
9.420000000000167e-002	7.726860e-001	3.986781e+000	8.436553e-001	2.888052e-001
9.430000000000167e-002	7.727132e-001	3.987533e+000	8.437602e-001	2.888480e-001
9.440000000000168e-002	7.727408e-001	3.988284e+000	8.438650e-001	2.888907e-001
9.450000000000168e-002	7.727680e-001	3.989035e+000	8.439698e-001	2.889334e-001
9.460000000000168e-002	7.727957e-001	3.989786e+000	8.440745e-001	2.889761e-001
9.470000000000169e-002	7.728229e-001	3.990536e+000	8.441792e-001	2.890187e-001
9.480000000000169e-002	7.728500e-001	3.991286e+000	8.442839e-001	2.890612e-001
9.490000000000169e-002	7.728772e-001	3.992037e+000	8.443885e-001	2.891038e-001
9.500000000000169e-002	7.729049e-001	3.992787e+000	8.444930e-001	2.891462e-001
9.510000000000170e-002	7.729316e-001	3.993537e+000	8.445974e-001	2.891887e-001
9.520000000000170e-002	7.729592e-001	3.994286e+000	8.447018e-001	2.892311e-001
9.530000000000170e-002	7.729859e-001	3.995035e+000	8.448062e-001	2.892735e-001
9.540000000000171e-002	7.730131e-001	3.995785e+000	8.449105e-001	2.893158e-001
9.550000000000171e-002	7.730403e-001	3.996534e+000	8.450148e-001	2.893581e-001
9.560000000000171e-002	7.730675e-001	3.997282e+000	8.451191e-001	2.894004e-001
9.570000000000171e-002	7.730947e-001	3.998031e+000	8.452233e-001	2.894426e-001
9.580000000000172e-002	7.731214e-001	3.998780e+000	8.453273e-001	2.894848e-001
9.590000000000172e-002	7.731485e-001	3.999527e+000	8.454314e-001	2.895269e-001
9.600000000000172e-002	7.731757e-001	4.000275e+000	8.455354e-001	2.895690e-001
9.610000000000173e-002	7.732024e-001	4.001023e+000	8.456394e-001	2.896111e-001
9.620000000000173e-002	7.732291e-001	4.001771e+000	8.457434e-001	2.896531e-001
9.630000000000173e-002	7.732558e-001	4.002519e+000	8.458472e-001	2.896951e-001
9.640000000000173e-002	7.732830e-001	4.003266e+000	8.459511e-001	2.897370e-001
9.650000000000174e-002	7.733097e-001	4.004013e+000	8.460548e-001	2.897789e-001
9.660000000000174e-002	7.733369e-001	4.004760e+000	8.461586e-001	2.898208e-001
9.670000000000174e-002	7.733631e-001	4.005507e+000	8.462622e-001	2.898626e-001
9.680000000000175e-002	7.733903e-001	4.006253e+000	8.463659e-001	2.899044e-001
9.690000000000175e-002	7.734170e-001	4.006999e+000	8.464696e-001	2.899462e-001
9.700000000000175e-002	7.734432e-001	4.007746e+000	8.465730e-001	2.899879e-001
9.710000000000175e-002	7.734704e-001	4.008491e+000	8.466766e-001	2.900296e-001
9.720000000000176e-002	7.734966e-001	4.009237e+000	8.467800e-001	2.900712e-001
9.730000000000176e-002	7.735233e-001	4.009983e+000	8.468833e-001	2.901128e-001
9.740000000000176e-002	7.735496e-001	4.010728e+000	8.469867e-001	2.901544e-001
9.750000000000177e-002	7.735767e-001	4.011473e+000	8.470900e-001	2.901959e-001
9.760000000000177e-002	7.736030e-001	4.012218e+000	8.471933e-001	2.902374e-001
9.770000000000177e-002	7.736292e-001	4.012964e+000	8.472965e-001	2.902789e-001
9.780000000000177e-002	7.736559e-001	4.013708e+000	8.473996e-001	2.903203e-001
9.790000000000178e-002	7.736821e-001	4.014453e+000	8.475028e-001	2.903617e-001
9.800000000000178e-002	7.737088e-001	4.015197e+000	8.476058e-001	2.904030e-001
9.810000000000178e-002	7.737350e-001	4.015941e+000	8.477089e-001	2.904443e-001
9.820000000000179e-002	7.737617e-001	4.016685e+000	8.478118e-001	2.904856e-001
9.830000000000179e-002	7.737880e-001	4.017428e+000	8.479148e-001	2.905268e-001
9.840000000000179e-002	7.738142e-001	4.018172e+000	8.480175e-001	2.905680e-001
9.850000000000179e-002	7.738404e-001	4.018916e+000	8.481204e-001	2.906092e-001
9.860000000000180e-002	7.738667e-001	4.019659e+000	8.482232e-001	2.906503e-001
9.870000000000180e-002	7.738929e-001	4.020402e+000	8.483260e-001	2.906914e-001
9.880000000000180e-002	7.739191e-001	4.021144e+000	8.484287e-001	2.907324e-001
9.890000000000181e-002	7.739453e-001	4.021887e+000	8.485313e-001	2.907735e-001
9.900000000000181e-002	7.739716e-001	4.022630e+000	8.486339e-001	2.908144e-001
9.910000000000181e-002	7.739973e-001	4.023372e+000	8.487364e-001	2.908554e-001
9.920000000000182e-002	7.740235e-001	4.024114e+000	8.488390e-001	2.908963e-001
9.930000000000182e-002	7.740493e-001	4.024856e+000	8.489414e-001	2.909371e-001
9.940000000000182e-002	7.740755e-001	4.025598e+000	8.490438e-001	2.909780e-001
9.950000000000182e-002	7.741017e-001	4.026339e+000	8.491462e-001	2.910188e-001
9.960000000000183e-002	7.741275e-001	4.027081e+000	8.492485e-001	2.910595e-001
9.970000000000183e-002	7.741532e-001	4.027822e+000	8.493508e-001	2.911003e-001
9.980000000000183e-002	7.741799e-001	4.028563e+000	8.494529e-001	2.911409e-001
9.990000000000184e-002	7.742052e-001	4.029304e+000	8.495552e-001	2.911816e-001
1.000000000000000e-001	7.742314e-001	4.030045e+000	8.496573e-001	2.912222e-001
