time	V(N004,N005)	V(n003)
0.000000000000000e+000	0.000000e+000	0.000000e+000
1.011712147043218e-009	2.273737e-013	-4.537862e-006
3.511203005865277e-006	7.070588e-009	-1.575166e-002
7.021394299583512e-006	4.424740e-008	-3.149794e-002
1.053158559330175e-005	1.115306e-007	-4.724335e-002
1.404177688701998e-005	2.089203e-007	-6.298791e-002
1.755196818073821e-005	3.364165e-007	-7.873161e-002
2.106215947445645e-005	4.940191e-007	-9.447446e-002
2.457235076817467e-005	6.817281e-007	-1.102165e-001
4.914373669040165e-005	6.757677e-006	-2.203770e-001
9.828650853485560e-005	6.663799e-005	-4.405724e-001
1.315167036248033e-004	2.636313e-004	-5.893518e-001
1.581533941741497e-004	8.180439e-004	-7.085063e-001
1.781615021470213e-004	1.988351e-003	-7.979402e-001
1.956905606230210e-004	4.414618e-003	-8.762375e-001
2.120341790122525e-004	9.321749e-003	-9.491885e-001
2.304082968332484e-004	1.988888e-002	-1.031144e+000
2.470097145971269e-004	3.660494e-002	-1.105132e+000
2.668603199059594e-004	6.860048e-002	-1.193509e+000
2.958691593754085e-004	1.349104e-001	-1.322487e+000
3.328406211181229e-004	2.417124e-001	-1.486579e+000
3.734696914663910e-004	3.776642e-001	-1.666471e+000
4.262156913413322e-004	5.705643e-001	-1.899193e+000
5.058837100558458e-004	8.771154e-001	-2.248902e+000
6.035399600558458e-004	1.263497e+000	-2.674546e+000
7.011962100558457e-004	1.655448e+000	-3.096291e+000
7.988524600558457e-004	2.048712e+000	-3.513413e+000
8.965087100558457e-004	2.440261e+000	-3.925349e+000
9.941649600558457e-004	2.828539e+000	-4.331541e+000
1.091821210055846e-003	3.212451e+000	-4.731440e+000
1.189477460055846e-003	3.591052e+000	-5.124504e+000
1.287133710055846e-003	3.963527e+000	-5.510201e+000
1.384789960055846e-003	4.329149e+000	-5.888010e+000
1.482446210055846e-003	4.687258e+000	-6.257418e+000
1.580102460055846e-003	5.037241e+000	-6.617926e+000
1.677758710055846e-003	5.378524e+000	-6.969044e+000
1.873071210055846e-003	6.032844e+000	-7.641227e+000
2.068383710055847e-003	6.646184e+000	-8.270328e+000
2.263696210055847e-003	7.214883e+000	-8.852941e+000
2.556664960055847e-003	7.977039e+000	-9.632868e+000
2.849633710055847e-003	8.621472e+000	-1.029167e+001
3.142602460055848e-003	9.139947e+000	-1.082133e+001
3.435571210055848e-003	9.525887e+000	-1.121541e+001
3.728539960055848e-003	9.774429e+000	-1.146911e+001
4.021508710055848e-003	9.882450e+000	-1.157936e+001
4.314477460055846e-003	9.848601e+000	-1.154481e+001
4.607446210055845e-003	9.673318e+000	-1.136591e+001
4.900414960055844e-003	9.358819e+000	-1.104484e+001
5.193383710055843e-003	8.909083e+000	-1.058553e+001
5.486352460055842e-003	8.329814e+000	-9.993578e+000
5.779321210055841e-003	7.628403e+000	-9.276218e+000
6.072289960055840e-003	6.813884e+000	-8.442198e+000
6.365258710055839e-003	5.896920e+000	-7.501690e+000
6.658227460055838e-003	4.889857e+000	-6.466169e+000
6.951196210055837e-003	3.807035e+000	-5.348261e+000
7.244164960055836e-003	2.665883e+000	-4.161597e+000
7.439477460055835e-003	1.884491e+000	-3.339406e+000
7.634789960055835e-003	1.101849e+000	-2.497525e+000
7.732446210055834e-003	7.214623e-001	-2.070621e+000
7.830102460055834e-003	3.634968e-001	-1.640739e+000
7.890823299390160e-003	1.686457e-001	-1.372121e+000
7.927504185255587e-003	7.706350e-002	-1.209323e+000
7.951047809363180e-003	3.910363e-002	-1.104624e+000
7.981147845151498e-003	1.153412e-002	-9.706053e-001
7.990219382530729e-003	7.031471e-003	-9.301816e-001
8.001919380631982e-003	4.226327e-003	-8.780101e-001
8.016325543965435e-003	2.175361e-003	-8.137421e-001
8.029623392766852e-003	1.145512e-003	-7.543896e-001
8.044596824576212e-003	5.687177e-004	-6.875253e-001
8.061591503094956e-003	2.587438e-004	-6.115966e-001
8.081976351848298e-003	1.026690e-004	-5.204719e-001
8.106949480773678e-003	3.385544e-005	-4.087710e-001
8.138807068214864e-003	9.000301e-006	-2.661830e-001
8.191083144305012e-003	5.161390e-006	-3.204545e-002
8.288739394305012e-003	9.962916e-005	4.055265e-001
8.339380427755318e-003	5.314946e-004	6.324296e-001
8.371050523420720e-003	1.689583e-003	7.742867e-001
8.390156096605820e-003	3.760904e-003	8.598308e-001
8.406547365346946e-003	7.819891e-003	9.331943e-001
8.422701067400486e-003	1.571715e-002	1.005467e+000
8.439982812211462e-003	3.068829e-002	1.082754e+000
8.458106851461297e-003	5.626369e-002	1.163763e+000
8.482880400808489e-003	1.081532e-001	1.274406e+000
8.520636580393610e-003	2.117888e-001	1.442853e+000
8.560440245198954e-003	3.412672e-001	1.620172e+000
8.608084699218616e-003	5.134621e-001	1.831949e+000
8.679229132251132e-003	7.867572e-001	2.147098e+000
8.776885382251132e-003	1.175071e+000	2.577532e+000
8.972197882251131e-003	1.968707e+000	3.428826e+000
9.265166632251130e-003	3.155729e+000	4.672433e+000
9.558135382251129e-003	4.304553e+000	5.862605e+000
9.851104132251128e-003	5.393888e+000	6.984834e+000
1.014407288225113e-002	6.407334e+000	8.025434e+000
1.043704163225113e-002	7.330898e+000	8.971716e+000
1.073001038225113e-002	8.152350e+000	9.812139e+000
1.102297913225112e-002	8.861047e+000	1.053645e+001
1.131594788225112e-002	9.447926e+000	1.113581e+001
1.160891663225112e-002	9.905540e+000	1.160292e+001
1.190188538225112e-002	1.022811e+001	1.193206e+001
1.219485413225112e-002	1.041157e+001	1.211921e+001
1.248782288225112e-002	1.045360e+001	1.216209e+001
1.278079163225112e-002	1.035368e+001	1.206017e+001
1.307376038225112e-002	1.011305e+001	1.181466e+001
1.336672913225112e-002	9.734709e+000	1.142857e+001
1.365969788225111e-002	9.223418e+000	1.090658e+001
1.395266663225111e-002	8.585623e+000	1.025503e+001
1.414797913225111e-002	8.094079e+000	9.752556e+000
1.434329163225111e-002	7.552671e+000	9.198715e+000
1.444094788225111e-002	7.264228e+000	8.903461e+000
1.453860413225111e-002	6.964507e+000	8.596510e+000
1.463626038225111e-002	6.653947e+000	8.278280e+000
1.473391663225111e-002	6.333003e+000	7.949201e+000
1.483157288225111e-002	6.002153e+000	7.609719e+000
1.492922913225111e-002	5.661894e+000	7.260293e+000
1.502688538225111e-002	5.312748e+000	6.901396e+000
1.512454163225111e-002	4.955261e+000	6.533514e+000
1.522219788225111e-002	4.590008e+000	6.157147e+000
1.531985413225111e-002	4.217596e+000	5.772803e+000
1.541751038225111e-002	3.838676e+000	5.381003e+000
1.551516663225111e-002	3.453950e+000	4.982277e+000
1.561282288225111e-002	3.064201e+000	4.577165e+000
1.571047913225111e-002	2.670319e+000	4.166215e+000
1.580813538225111e-002	2.273373e+000	3.749985e+000
1.590579163225111e-002	1.874744e+000	3.329037e+000
1.600344788225111e-002	1.476404e+000	2.903941e+000
1.610110413225111e-002	1.081833e+000	2.475270e+000
1.619876038225112e-002	6.986021e-001	2.043603e+000
1.629641663225112e-002	3.408440e-001	1.609671e+000
1.635857276461665e-002	1.452829e-001	1.332506e+000
1.639339167288780e-002	6.348073e-002	1.176903e+000
1.641571052156671e-002	3.144360e-002	1.077036e+000
1.644403347528927e-002	9.372383e-003	9.502162e-001
1.645263655029479e-002	5.804747e-003	9.116773e-001
1.646431607086531e-002	3.468841e-003	8.593386e-001
1.647830724197194e-002	1.809925e-003	7.966266e-001
1.649204338778542e-002	9.352267e-004	7.350432e-001
1.650744102211152e-002	4.541278e-004	6.659952e-001
1.652523909155739e-002	1.993477e-004	5.861663e-001
1.654670772636704e-002	7.691979e-005	4.898550e-001
1.657629074593944e-002	2.336502e-005	3.571211e-001
1.662393794112252e-002	4.999340e-006	1.433482e-001
1.671207364435548e-002	1.215041e-004	-2.518440e-001
1.680972989435548e-002	1.247078e-003	-6.892475e-001
1.684418834228044e-002	3.798455e-003	-8.433588e-001
1.686700660613245e-002	9.164274e-003	-9.452736e-001
1.688374261136831e-002	1.812679e-002	-1.019955e+000
1.690255246087961e-002	3.639674e-002	-1.103821e+000
1.692124737305168e-002	6.570733e-002	-1.187092e+000
1.694973378012551e-002	1.299030e-001	-1.313813e+000
1.698645527957913e-002	2.348852e-001	-1.476892e+000
1.702678978384125e-002	3.690460e-001	-1.655606e+000
1.707843810382495e-002	5.573206e-001	-1.883683e+000
1.715610572260517e-002	8.557215e-001	-2.224978e+000
1.725376197260517e-002	1.241981e+000	-2.651189e+000
1.735141822260517e-002	1.634176e+000	-3.073609e+000
1.744907447260518e-002	2.027962e+000	-3.491502e+000
1.754673072260518e-002	2.420201e+000	-3.904303e+000
1.764438697260518e-002	2.809297e+000	-4.311454e+000
1.774204322260518e-002	3.194146e+000	-4.712404e+000
1.783969947260518e-002	3.573795e+000	-5.106610e+000
1.793735572260518e-002	3.947419e+000	-5.493538e+000
1.803501197260518e-002	4.314287e+000	-5.872665e+000
1.813266822260519e-002	4.673733e+000	-6.243476e+000
1.823032447260519e-002	5.025144e+000	-6.605471e+000
1.832798072260519e-002	5.367938e+000	-6.958158e+000
1.842563697260519e-002	5.701571e+000	-7.301060e+000
1.852329322260519e-002	6.025523e+000	-7.633712e+000
1.862094947260519e-002	6.339301e+000	-7.955665e+000
1.871860572260519e-002	6.642433e+000	-8.266482e+000
1.881626197260520e-002	6.934470e+000	-8.565742e+000
1.901157447260520e-002	7.483562e+000	-9.127990e+000
1.920688697260520e-002	7.983388e+000	-9.639361e+000
1.949985572260521e-002	8.634568e+000	-1.030505e+001
1.979282447260521e-002	9.160194e+000	-1.084201e+001
2.008579322260521e-002	9.553604e+000	-1.124371e+001
2.037876197260522e-002	9.809835e+000	-1.150525e+001
2.067173072260522e-002	9.925667e+000	-1.162346e+001
2.096469947260523e-002	9.899651e+000	-1.159691e+001
2.125766822260523e-002	9.732126e+000	-1.142594e+001
2.155063697260523e-002	9.425207e+000	-1.111262e+001
2.184360572260524e-002	8.982772e+000	-1.066080e+001
2.213657447260524e-002	8.410433e+000	-1.007599e+001
2.242954322260525e-002	7.715480e+000	-9.365314e+000
2.272251197260525e-002	6.906852e+000	-8.537451e+000
2.301548072260526e-002	5.995110e+000	-7.602496e+000
2.330844947260526e-002	4.992485e+000	-6.571851e+000
2.360141822260526e-002	3.913147e+000	-5.458082e+000
2.389438697260527e-002	2.774181e+000	-4.274770e+000
2.418735572260527e-002	1.599861e+000	-3.036338e+000
2.428501197260527e-002	1.208219e+000	-2.613870e+000
2.438266822260527e-002	8.237216e-001	-2.187520e+000
2.448032447260528e-002	4.589940e-001	-1.757960e+000
2.456263634148392e-002	1.851562e-001	-1.393917e+000
2.460257974460464e-002	8.102250e-002	-1.216614e+000
2.462747697648484e-002	3.985310e-002	-1.105842e+000
2.465818505217618e-002	1.150677e-002	-9.690463e-001
2.466791685332524e-002	6.732583e-003	-9.256582e-001
2.467915276363369e-002	4.107296e-003	-8.755311e-001
2.469371736616173e-002	2.104580e-003	-8.105250e-001
2.470700062881982e-002	1.107246e-003	-7.512105e-001
2.472208918773576e-002	5.472004e-004	-6.838026e-001
2.473921064284557e-002	2.474487e-004	-6.072757e-001
2.475976290876187e-002	9.751320e-005	-5.153667e-001
2.478507101389528e-002	3.170967e-005	-4.021271e-001
2.481726567086202e-002	7.823110e-006	-2.579901e-001
2.486063769772269e-002	2.417713e-006	-6.369814e-002
2.494192961207233e-002	1.986325e-004	3.005760e-001
2.503958586207233e-002	1.954824e-003	7.381239e-001
2.507166575790103e-002	5.550444e-003	8.817742e-001
2.509434029287735e-002	1.324913e-002	9.832371e-001
2.511167189074762e-002	2.576023e-002	1.060749e+000
2.513030801064686e-002	4.905760e-002	1.144047e+000
2.515202278169404e-002	9.163952e-002	1.241024e+000
2.519544389954346e-002	2.074321e-001	1.434723e+000
2.523564139947669e-002	3.362703e-001	1.613767e+000
2.528179344114900e-002	5.023960e-001	1.818860e+000
2.535150168223275e-002	7.694867e-001	2.127562e+000
2.544915793223275e-002	1.157080e+000	2.557866e+000
2.564447043223275e-002	1.949795e+000	3.408823e+000
2.593743918223276e-002	3.135778e+000	4.651677e+000
2.623040793223276e-002	4.283446e+000	5.840812e+000
2.652337668223277e-002	5.371422e+000	6.961733e+000
2.681634543223277e-002	6.383286e+000	8.000772e+000
2.710931418223277e-002	7.305057e+000	8.945261e+000
2.740228293223278e-002	8.124518e+000	9.783681e+000
2.769525168223278e-002	8.831052e+000	1.050581e+001
2.798822043223279e-002	9.415619e+000	1.110283e+001
2.828118918223279e-002	9.870803e+000	1.156747e+001
2.857415793223279e-002	1.019085e+001	1.189405e+001
2.886712668223280e-002	1.037174e+001	1.207858e+001
2.916009543223280e-002	1.041118e+001	1.211882e+001
2.945306418223281e-002	1.030868e+001	1.201425e+001
2.974603293223281e-002	1.006550e+001	1.176615e+001
3.003900168223282e-002	9.684706e+000	1.137753e+001
3.033197043223282e-002	9.171070e+000	1.085312e+001
3.052728293223282e-002	8.757981e+000	1.043115e+001
3.072259543223282e-002	8.291029e+000	9.953925e+000
3.082025168223283e-002	8.038171e+000	9.695383e+000
3.091790793223283e-002	7.772863e+000	9.424017e+000
3.101556418223283e-002	7.495489e+000	9.140193e+000
3.111322043223283e-002	7.206446e+000	8.844296e+000
3.121087668223283e-002	6.906153e+000	8.536728e+000
3.130853293223283e-002	6.595048e+000	8.217905e+000
3.140618918223283e-002	6.273590e+000	7.888257e+000
3.150384543223284e-002	5.942257e+000	7.548232e+000
3.160150168223284e-002	5.601550e+000	7.198290e+000
3.169915793223284e-002	5.251993e+000	6.838905e+000
3.179681418223284e-002	4.894133e+000	6.470564e+000
3.189447043223284e-002	4.528550e+000	6.093765e+000
3.199212668223284e-002	4.155856e+000	5.709019e+000
3.208978293223284e-002	3.776707e+000	5.316847e+000
3.218743918223285e-002	3.391816e+000	4.917780e+000
3.228509543223285e-002	3.001976e+000	4.512359e+000
3.238275168223285e-002	2.608101e+000	4.101131e+000
3.248040793223285e-002	2.211295e+000	3.684655e+000
3.257806418223285e-002	1.813002e+000	3.263494e+000
3.267572043223285e-002	1.415331e+000	2.838216e+000
3.277337668223285e-002	1.022130e+000	2.409398e+000
3.287103293223286e-002	6.422226e-001	1.977615e+000
3.296868918223286e-002	2.909139e-001	1.543630e+000
3.302348685975672e-002	1.247615e-001	1.299285e+000
3.305388121041099e-002	5.812711e-002	1.163471e+000
3.307750151428542e-002	2.718002e-002	1.057803e+000
3.310475129964415e-002	8.267432e-003	9.358139e-001
3.311495496082512e-002	4.694939e-003	8.901137e-001
3.312692311488814e-002	2.724409e-003	8.364912e-001
3.314062256002578e-002	1.435608e-003	7.750967e-001
3.315495371469128e-002	7.261336e-004	7.108554e-001
3.317114717960771e-002	3.405809e-004	6.382486e-001
3.319010379633003e-002	1.426041e-004	5.532332e-001
3.321327503801352e-002	5.045533e-005	4.492946e-001
3.324238293954650e-002	1.406670e-005	3.187051e-001
3.328051296313904e-002	2.682209e-006	1.476315e-001
3.333092069955776e-002	5.438924e-006	-7.846895e-002
3.340706998859179e-002	8.748472e-005	-4.198311e-001
3.345195380478148e-002	4.499257e-004	-6.208515e-001
3.348335000910597e-002	1.476049e-003	-7.613224e-001
3.350282678715155e-002	3.351808e-003	-8.483915e-001
3.351949744903179e-002	7.059932e-003	-9.228631e-001
3.353564201529728e-002	1.427698e-002	-9.949369e-001
3.355307498833252e-002	2.827847e-002	-1.072708e+000
3.357082740826909e-002	5.177331e-002	-1.151838e+000
3.359428894831209e-002	9.884274e-002	-1.256293e+000
3.363298517868132e-002	2.023111e-001	-1.428308e+000
3.367336581671327e-002	3.314264e-001	-1.607440e+000
3.371947376845695e-002	4.961313e-001	-1.811370e+000
3.378861277556786e-002	7.590978e-001	-2.115816e+000
3.388626902556786e-002	1.143622e+000	-2.543178e+000
3.398392527556787e-002	1.534881e+000	-2.967007e+000
3.408158152556787e-002	1.928699e+000	-3.386508e+000
3.417923777556787e-002	2.321901e+000	-3.801114e+000
3.427689402556787e-002	2.712416e+000	-4.210265e+000
3.437455027556787e-002	3.098992e+000	-4.613407e+000
3.447220652556787e-002	3.480645e+000	-5.009994e+000
3.456986277556787e-002	3.856523e+000	-5.399488e+000
3.466751902556788e-002	4.225874e+000	-5.781363e+000
3.476517527556788e-002	4.588016e+000	-6.155101e+000
3.486283152556788e-002	4.942321e+000	-6.520196e+000
3.496048777556788e-002	5.288202e+000	-6.876155e+000
3.505814402556788e-002	5.625100e+000	-7.222494e+000
3.515580027556788e-002	5.952492e+000	-7.558744e+000
3.525345652556788e-002	6.269876e+000	-7.884451e+000
3.535111277556789e-002	6.576771e+000	-8.199173e+000
3.544876902556789e-002	6.872724e+000	-8.502483e+000
3.554642527556789e-002	7.157297e+000	-8.793972e+000
3.564408152556789e-002	7.430076e+000	-9.073244e+000
3.574173777556789e-002	7.690665e+000	-9.339922e+000
3.583939402556789e-002	7.938689e+000	-9.593645e+000
3.603470652556789e-002	8.395640e+000	-1.006087e+001
3.632767527556790e-002	8.978594e+000	-1.065653e+001
3.662064402556790e-002	9.432115e+000	-1.111967e+001
3.691361277556791e-002	9.750469e+000	-1.144466e+001
3.720658152556791e-002	9.929649e+000	-1.162752e+001
3.749955027556792e-002	9.967409e+000	-1.166606e+001
3.779251902556792e-002	9.863282e+000	-1.155980e+001
3.808548777556792e-002	9.618584e+000	-1.131004e+001
3.837845652556793e-002	9.236404e+000	-1.091984e+001
3.867142527556793e-002	8.721577e+000	-1.039396e+001
3.896439402556794e-002	8.080641e+000	-9.738819e+000
3.925736277556794e-002	7.321796e+000	-8.962403e+000
3.955033152556794e-002	6.454866e+000	-8.074184e+000
3.984330027556795e-002	5.491304e+000	-7.084991e+000
4.013626902556795e-002	4.444329e+000	-6.006887e+000
4.042923777556796e-002	3.329441e+000	-4.853014e+000
4.072220652556796e-002	2.166456e+000	-3.637440e+000
4.091751902556796e-002	1.379928e+000	-2.800067e+000
4.101517527556797e-002	9.910060e-001	-2.374973e+000
4.111283152556797e-002	6.157126e-001	-1.946369e+000
4.121048777556797e-002	2.690340e-001	-1.515109e+000
4.125953302301523e-002	1.235250e-001	-1.297594e+000
4.129141889088581e-002	5.562413e-002	-1.155792e+000
4.131513438394791e-002	2.502692e-002	-1.050162e+000
4.133835460825674e-002	8.950323e-003	-9.466373e-001
4.134863305650713e-002	5.245745e-003	-9.007800e-001
4.136059675117857e-002	3.059298e-003	-8.473746e-001
4.137444799939420e-002	1.605541e-003	-7.855170e-001
4.138852552832116e-002	8.210540e-004	-7.226209e-001
4.140435564621448e-002	3.922284e-004	-6.518621e-001
4.142285116318475e-002	1.676977e-004	-5.691499e-001
4.144518307224861e-002	6.331503e-005	-4.692282e-001
4.147795504264158e-002	1.780689e-005	-3.225031e-001
4.153184384904970e-002	4.969537e-006	-8.108176e-002
4.162950009904970e-002	8.484721e-005	3.565724e-001
4.168987509272579e-002	5.508661e-004	6.271147e-001
4.172326188500626e-002	1.762480e-003	7.766559e-001
4.174283887716850e-002	3.949225e-003	8.642979e-001
4.175918490003981e-002	8.154243e-003	9.374434e-001
4.177533570176584e-002	1.632890e-002	1.009685e+000
4.179261473700961e-002	3.174579e-002	1.086935e+000
4.181097490796600e-002	5.829263e-002	1.168969e+000
4.183630633194720e-002	1.122194e-001	1.282054e+000
4.187398314551199e-002	2.166221e-001	1.450056e+000
4.191381728460154e-002	3.468786e-001	1.627394e+000
4.196213185269663e-002	5.219227e-001	1.841973e+000
4.203476482833987e-002	8.011872e-001	2.163377e+000
4.213242107833987e-002	1.189447e+000	2.593237e+000
4.232773357833988e-002	1.982098e+000	3.442987e+000
4.262070232833988e-002	3.166182e+000	4.683308e+000
4.291367107833988e-002	4.310811e+000	5.869068e+000
4.320663982833989e-002	5.394843e+000	6.985816e+000
4.349960857833989e-002	6.401971e+000	8.019936e+000
4.379257732833990e-002	7.318302e+000	8.958820e+000
4.408554607833990e-002	8.131696e+000	9.791020e+000
4.437851482833990e-002	8.831621e+000	1.050639e+001
4.467148357833991e-002	9.409124e+000	1.109620e+001
4.496445232833991e-002	9.856880e+000	1.155326e+001
4.525742107833992e-002	1.016923e+001	1.187199e+001
4.555038982833992e-002	1.034225e+001	1.204850e+001
4.584335857833993e-002	1.037375e+001	1.208064e+001
4.613632732833993e-002	1.026333e+001	1.196799e+001
4.642929607833993e-002	1.001238e+001	1.171194e+001
4.672226482833994e-002	9.624024e+000	1.131559e+001
4.691757732833994e-002	9.291135e+000	1.097573e+001
4.711288982833994e-002	8.901184e+000	1.057746e+001
4.721054607833995e-002	8.685486e+000	1.035708e+001
4.730820232833995e-002	8.456371e+000	1.012294e+001
4.740585857833995e-002	8.214163e+000	9.875341e+000
4.750351482833995e-002	7.959208e+000	9.614629e+000
4.760117107833995e-002	7.691871e+000	9.341154e+000
4.769882732833995e-002	7.412533e+000	9.055286e+000
4.779648357833995e-002	7.121599e+000	8.757412e+000
4.789413982833995e-002	6.819489e+000	8.447935e+000
4.799179607833996e-002	6.506648e+000	8.127275e+000
4.808945232833996e-002	6.183536e+000	7.795867e+000
4.818710857833996e-002	5.850635e+000	7.454158e+000
4.828476482833996e-002	5.508452e+000	7.102612e+000
4.838242107833996e-002	5.157515e+000	6.741704e+000
4.857773357833996e-002	4.431627e+000	5.993773e+000
4.877304607833997e-002	3.677816e+000	5.214416e+000
4.896835857833997e-002	2.901714e+000	4.407851e+000
4.916367107833997e-002	2.110528e+000	3.578448e+000
4.935898357833998e-002	1.315798e+000	2.730695e+000
4.945663982833998e-002	9.249689e-001	2.301366e+000
4.955429607833998e-002	5.516604e-001	1.869169e+000
4.965195232833998e-002	2.133750e-001	1.434907e+000
4.969482307926610e-002	9.460598e-002	1.243674e+000
4.972280134782611e-002	4.464704e-002	1.118624e+000
4.975512703687759e-002	1.251611e-002	9.740032e-001
4.976698269995907e-002	6.496191e-003	9.209303e-001
4.977806149036274e-002	3.925771e-003	8.713129e-001
4.979257981446054e-002	2.009094e-003	8.062730e-001
4.980568617923675e-002	1.064360e-003	7.475427e-001
4.982103499041186e-002	5.195737e-004	6.787457e-001
4.983810156138238e-002	2.346933e-004	6.022301e-001
4.985904617184275e-002	9.092689e-005	5.083049e-001
4.988438285068882e-002	2.939999e-005	3.946587e-001
4.991741564440406e-002	7.420778e-006	2.464698e-001
4.996956451881183e-002	5.786773e-006	1.255541e-002
5.006722076881183e-002	4.075617e-004	-4.251923e-001
5.014761975089271e-002	3.763556e-003	-7.851429e-001
5.018661644199971e-002	1.170477e-002	-9.594681e-001
5.020638286951092e-002	2.358317e-002	-1.047710e+000
5.022656430701547e-002	4.703897e-002	-1.137712e+000
5.024716466913257e-002	8.532363e-002	-1.229478e+000
5.028473742879443e-002	1.820539e-001	-1.396594e+000
5.032852292684252e-002	3.190597e-001	-1.590964e+000
5.037156188446183e-002	4.710636e-001	-1.781484e+000
5.043681445472532e-002	7.180334e-001	-2.069120e+000
5.053447070472533e-002	1.101583e+000	-2.497072e+000
5.063212695472533e-002	1.492546e+000	-2.921621e+000
5.082743945472533e-002	2.280397e+000	-3.757491e+000
5.102275195472533e-002	3.059188e+000	-4.571969e+000
5.121806445472533e-002	3.819000e+000	-5.360646e+000
5.141337695472534e-002	4.553253e+000	-6.119250e+000
5.160868945472534e-002	5.256625e+000	-6.843675e+000
5.170634570472534e-002	5.595265e+000	-7.191835e+000
5.180400195472534e-002	5.924491e+000	-7.529996e+000
5.190165820472534e-002	6.243797e+000	-7.857697e+000
5.199931445472535e-002	6.552702e+000	-8.174496e+000
5.209697070472535e-002	6.850744e+000	-8.479963e+000
5.219462695472535e-002	7.137487e+000	-8.773685e+000
5.229228320472535e-002	7.412510e+000	-9.055264e+000
5.238993945472535e-002	7.675414e+000	-9.324318e+000
5.248759570472535e-002	7.925822e+000	-9.580483e+000
5.258525195472535e-002	8.163373e+000	-9.823414e+000
5.268290820472536e-002	8.387729e+000	-1.005278e+001
5.287822070472536e-002	8.795600e+000	-1.046959e+001
5.307353320472536e-002	9.147124e+000	-1.082866e+001
5.336650195472537e-002	9.564521e+000	-1.125485e+001
5.365947070472537e-002	9.845490e+000	-1.154164e+001
5.395243945472537e-002	9.986499e+000	-1.168554e+001
5.424540820472538e-002	9.985783e+000	-1.168481e+001
5.453837695472538e-002	9.843355e+000	-1.153946e+001
5.483134570472539e-002	9.561012e+000	-1.125127e+001
5.512431445472539e-002	9.142321e+000	-1.082376e+001
5.541728320472539e-002	8.592576e+000	-1.026214e+001
5.571025195472540e-002	7.918769e+000	-9.573272e+000
5.600322070472540e-002	7.129539e+000	-8.765547e+000
5.629618945472541e-002	6.235139e+000	-7.848816e+000
5.658915820472541e-002	5.247469e+000	-6.834257e+000
5.688212695472542e-002	4.180258e+000	-5.734240e+000
5.717509570472542e-002	3.049791e+000	-4.562173e+000
5.746806445472542e-002	1.877837e+000	-3.332342e+000
5.766337695472543e-002	1.092951e+000	-2.487738e+000
5.776103320472543e-002	7.120602e-001	-2.059723e+000
5.785868945472543e-002	3.542225e-001	-1.628896e+000
5.791782210441899e-002	1.645951e-001	-1.366822e+000
5.795206707956326e-002	7.946056e-002	-1.214593e+000
5.797744765122002e-002	3.854871e-002	-1.101564e+000
5.800672419585028e-002	1.176912e-002	-9.710401e-001
5.801741163349146e-002	6.614387e-003	-9.233552e-001
5.802865282702475e-002	4.006594e-003	-8.731686e-001
5.804317646177991e-002	2.053350e-003	-8.083001e-001
5.805637415361098e-002	1.085132e-003	-7.493286e-001
5.807164467523315e-002	5.321205e-004	-6.810647e-001
5.808872785641249e-002	2.407432e-004	-6.046636e-001
5.810955596109006e-002	9.387732e-005	-5.114697e-001
5.813484640788981e-002	3.047287e-005	-3.982526e-001
5.816761185627260e-002	7.852912e-006	-2.514930e-001
5.822128961374432e-002	6.012153e-006	-1.094996e-002
5.831894586374432e-002	1.542270e-004	4.267435e-001
5.837487048343890e-002	9.613037e-004	6.773196e-001
5.840937014533569e-002	3.150374e-003	8.318087e-001
5.842834568365912e-002	6.740808e-003	9.167312e-001
5.844468728599500e-002	1.375484e-002	9.898273e-001
5.846333966875787e-002	2.848393e-002	1.073218e+000
5.848064022132841e-002	5.125558e-002	1.150518e+000
5.850413165054986e-002	9.842569e-002	1.255388e+000
5.854270720260970e-002	2.017156e-001	1.427398e+000
5.858297877199711e-002	3.308600e-001	1.606687e+000
5.862898344694415e-002	4.958460e-001	1.811021e+000
5.869767835395977e-002	7.584341e-001	2.115047e+000
5.879533460395977e-002	1.145343e+000	2.545027e+000
5.899064710395977e-002	1.936855e+000	3.395133e+000
5.928361585395978e-002	3.120852e+000	4.636147e+000
5.957658460395978e-002	4.265995e+000	5.822793e+000
5.986955335395978e-002	5.350874e+000	6.940605e+000
6.016252210395979e-002	6.359090e+000	7.975957e+000
6.045549085395979e-002	7.276698e+000	8.916227e+000
6.074845960395980e-002	8.091534e+000	9.749953e+000
6.104142835395980e-002	8.793035e+000	1.046697e+001
6.133439710395981e-002	9.372226e+000	1.105853e+001
6.162736585395981e-002	9.821759e+000	1.151742e+001
6.192033460395981e-002	1.013596e+001	1.183804e+001
6.221330335395982e-002	1.031086e+001	1.201648e+001
6.250627210395982e-002	1.034426e+001	1.205056e+001
6.279924085395980e-002	1.023575e+001	1.193986e+001
6.309220960395978e-002	9.986672e+000	1.168571e+001
6.338517835395977e-002	9.600152e+000	1.129122e+001
6.358049085395975e-002	9.268446e+000	1.095256e+001
6.367814710395975e-002	9.081052e+000	1.076118e+001
6.377580335395974e-002	8.879643e+000	1.055545e+001
6.387345960395974e-002	8.664502e+000	1.033564e+001
6.397111585395973e-002	8.435932e+000	1.010205e+001
6.406877210395973e-002	8.194260e+000	9.854993e+000
6.416642835395972e-002	7.939828e+000	9.594808e+000
6.426408460395972e-002	7.672999e+000	9.321846e+000
6.436174085395971e-002	7.394157e+000	9.036476e+000
6.445939710395970e-002	7.103704e+000	8.739085e+000
6.465470960395969e-002	6.489669e+000	8.109868e+000
6.485002210395968e-002	5.834511e+000	7.437601e+000
6.504533460395967e-002	5.142180e+000	6.725925e+000
6.524064710395966e-002	4.417016e+000	5.978697e+000
6.543595960395965e-002	3.663866e+000	5.199962e+000
6.563127210395964e-002	2.888372e+000	4.393937e+000
6.582658460395963e-002	2.097771e+000	3.564989e+000
6.602189710395962e-002	1.303711e+000	2.717602e+000
6.611955335395961e-002	9.133956e-001	2.288423e+000
6.621720960395960e-002	5.411554e-001	1.856354e+000
6.631486585395960e-002	2.051620e-001	1.422200e+000
6.635740336017391e-002	8.910543e-002	1.232496e+000
6.638439040809691e-002	4.228723e-002	1.111902e+000
6.641603521144396e-002	1.190853e-002	9.703575e-001
6.642695479937998e-002	6.495416e-003	9.214856e-001
6.643801543760150e-002	3.951758e-003	8.719600e-001
6.645252713897169e-002	2.025127e-003	8.069631e-001
6.646573125486938e-002	1.067698e-003	7.478063e-001
6.648095719131311e-002	5.237758e-004	6.795722e-001
6.649810599884065e-002	2.359748e-004	6.027004e-001
6.651889226700583e-002	9.196997e-005	5.094987e-001
6.654435098275977e-002	2.963841e-005	3.953190e-001
6.657707080750479e-002	7.115304e-006	2.485472e-001
6.662032813996102e-002	2.039596e-006	5.450806e-002
6.669500256497395e-002	1.517385e-004	-2.802927e-001
6.679265881497394e-002	1.685679e-003	-7.177293e-001
6.682698481709236e-002	4.957765e-003	-8.712897e-001
6.684859393558496e-002	1.135236e-002	-9.678408e-001
6.686551779558966e-002	2.222174e-002	-1.043394e+000
6.688414371201898e-002	4.318947e-002	-1.126480e+000
6.690437098574772e-002	7.918751e-002	-1.216617e+000
6.693928772563473e-002	1.658512e-001	-1.371998e+000
6.698013748104718e-002	2.905864e-001	-1.553454e+000
6.702218090714081e-002	4.367296e-001	-1.739735e+000
6.708276080635342e-002	6.638292e-001	-2.007115e+000
6.717630163849998e-002	1.029410e+000	-2.417721e+000
6.727395788849998e-002	1.419570e+000	-2.843188e+000
6.746927038849997e-002	2.208069e+000	-3.681400e+000
6.766458288849996e-002	2.988929e+000	-4.498788e+000
6.785989538849994e-002	3.751669e+000	-5.290929e+000
6.805520788849993e-002	4.489542e+000	-6.053533e+000
6.825052038849992e-002	5.197130e+000	-6.782469e+000
6.844583288849991e-002	5.869750e+000	-7.473789e+000
6.864114538849990e-002	6.503206e+000	-8.123750e+000
6.873880163849989e-002	6.804044e+000	-8.432110e+000
6.883645788849989e-002	7.093688e+000	-8.728830e+000
6.893411413849988e-002	7.371716e+000	-9.013506e+000
6.903177038849988e-002	7.637724e+000	-9.285752e+000
6.912942663849987e-002	7.891327e+000	-9.545201e+000
6.922708288849987e-002	8.132163e+000	-9.791501e+000
6.932473913849986e-002	8.359887e+000	-1.002432e+001
6.942239538849986e-002	8.574175e+000	-1.024334e+001
6.952005163849985e-002	8.774724e+000	-1.044826e+001
6.961770788849984e-002	8.961249e+000	-1.063881e+001
6.981302038849983e-002	9.291197e+000	-1.097579e+001
7.010598913849982e-002	9.675036e+000	-1.136766e+001
7.039895788849980e-002	9.921403e+000	-1.161911e+001
7.069192663849978e-002	1.002720e+001	-1.172707e+001
7.098489538849977e-002	9.991110e+000	-1.169024e+001
7.127786413849975e-002	9.813583e+000	-1.150907e+001
7.147317663849974e-002	9.617690e+000	-1.130913e+001
7.176614538849972e-002	9.210284e+000	-1.089317e+001
7.205911413849971e-002	8.671305e+000	-1.034259e+001
7.235208288849969e-002	8.007600e+000	-9.664124e+000
7.264505163849967e-002	7.227668e+000	-8.866031e+000
7.293802038849966e-002	6.341620e+000	-7.958045e+000
7.323098913849964e-002	5.361205e+000	-6.951234e+000
7.352395788849962e-002	4.299963e+000	-5.857874e+000
7.381692663849961e-002	3.173858e+000	-4.691292e+000
7.410989538849959e-002	2.003771e+000	-3.465706e+000
7.430520788849958e-002	1.216807e+000	-2.623216e+000
7.440286413849957e-002	8.312639e-001	-2.196042e+000
7.450052038849957e-002	4.655059e-001	-1.765764e+000
7.458428655252614e-002	1.859056e-001	-1.394749e+000
7.462443425758621e-002	8.093739e-002	-1.216311e+000
7.464934356507844e-002	3.972942e-002	-1.105355e+000
7.468004900207374e-002	1.143447e-002	-9.684213e-001
7.468972136126717e-002	6.703705e-003	-9.252537e-001
7.470097455838345e-002	4.085243e-003	-8.750005e-001
7.471551397873572e-002	2.093285e-003	-8.100460e-001
7.472876363261764e-002	1.102716e-003	-7.508286e-001
7.474388875190051e-002	5.438328e-004	-6.832000e-001
7.476097310935198e-002	2.461374e-004	-6.067781e-001
7.478158987590970e-002	9.670854e-005	-5.145128e-001
7.480684446333481e-002	3.147125e-005	-4.014379e-001
7.483918070798433e-002	7.763505e-006	-2.565846e-001
7.488318978251989e-002	2.581626e-006	-5.935447e-002
7.496651951621637e-002	9.861588e-005	3.141522e-001
7.504369697889562e-002	8.277595e-004	6.599914e-001
7.507675106246793e-002	2.505958e-003	8.080207e-001
7.509738995587145e-002	5.758405e-003	9.003894e-001
7.511362764598942e-002	1.158479e-002	9.730230e-001
7.513046562393271e-002	2.301854e-002	1.048304e+000
7.514792037597019e-002	4.304457e-002	1.126299e+000
7.516874068513633e-002	8.059341e-002	1.219257e+000
7.520429009544881e-002	1.696276e-001	1.377803e+000
7.524553875406863e-002	2.966291e-001	1.561494e+000
7.528774979780538e-002	4.443813e-001	1.749069e+000
7.534930256331013e-002	6.765603e-001	2.021688e+000
7.544432660854694e-002	1.050161e+000	2.440540e+000
7.554198285854694e-002	1.442754e+000	2.868121e+000
7.573729535854692e-002	2.236850e+000	3.711682e+000
7.603026410854691e-002	3.412641e+000	4.939408e+000
7.632323285854689e-002	4.543071e+000	6.108743e+000
7.661620160854687e-002	5.608503e+000	7.205434e+000
7.690917035854686e-002	6.593300e+000	8.216113e+000
7.720213910854684e-002	7.484024e+000	9.128459e+000
7.749510785854682e-002	8.268948e+000	9.931351e+000
7.778807660854681e-002	8.937936e+000	1.061500e+001
7.808104535854679e-002	9.482450e+000	1.117106e+001
7.837401410854678e-002	9.895592e+000	1.159277e+001
7.866698285854676e-002	1.017215e+001	1.187496e+001
7.895995160854674e-002	1.030864e+001	1.201421e+001
7.925292035854673e-002	1.030334e+001	1.200881e+001
7.954588910854671e-002	1.015632e+001	1.185882e+001
7.983885785854669e-002	9.869416e+000	1.156605e+001
8.003417035854668e-002	9.602141e+000	1.129325e+001
8.013182660854668e-002	9.446230e+000	1.113408e+001
8.022948285854667e-002	9.275755e+000	1.096002e+001
8.032713910854666e-002	9.090956e+000	1.077130e+001
8.042479535854666e-002	8.892094e+000	1.056817e+001
8.052245160854665e-002	8.679446e+000	1.035091e+001
8.062010785854665e-002	8.453315e+000	1.011981e+001
8.071776410854664e-002	8.214021e+000	9.875197e+000
8.091307660854663e-002	7.697326e+000	9.346736e+000
8.110838910854662e-002	7.132317e+000	8.768389e+000
8.130370160854661e-002	6.522265e+000	8.143289e+000
8.149901410854660e-002	5.870756e+000	7.474820e+000
8.169432660854659e-002	5.181714e+000	6.766605e+000
8.188963910854658e-002	4.459446e+000	6.022479e+000
8.208495160854656e-002	3.708757e+000	5.246473e+000
8.228026410854655e-002	2.935219e+000	4.442789e+000
8.247557660854654e-002	2.145923e+000	3.615781e+000
8.267088910854653e-002	1.352051e+000	2.769925e+000
8.276854535854653e-002	9.608070e-001	2.341354e+000
8.286620160854652e-002	5.852168e-001	1.909789e+000
8.296385785854651e-002	2.411817e-001	1.476038e+000
8.300902229477876e-002	1.107880e-001	1.274763e+000
8.303943054154286e-002	5.008668e-002	1.138963e+000
8.306473589356860e-002	1.994085e-002	1.025831e+000
8.308213999822460e-002	8.795977e-003	9.479693e-001
8.309289266236991e-002	5.219996e-003	8.998421e-001
8.310512460345135e-002	2.992064e-003	8.450749e-001
8.311885392020052e-002	1.571387e-003	7.835855e-001
8.313291890293097e-002	8.033812e-004	7.205747e-001
8.314875944080680e-002	3.830492e-004	6.495891e-001
8.316732666088332e-002	1.629889e-004	5.663612e-001
8.318971561539355e-002	6.116927e-005	4.659739e-001
8.322236853652519e-002	1.718104e-005	3.195266e-001
8.327608482643920e-002	4.947186e-006	7.859583e-002
8.337374107643919e-002	1.218766e-004	-3.592603e-001
8.344235675797271e-002	9.505451e-004	-6.666417e-001
8.347855255520001e-002	3.102154e-003	-8.286066e-001
8.349816692312007e-002	6.731868e-003	-9.162889e-001
8.351450563259107e-002	1.370284e-002	-9.892721e-001
8.353340144255639e-002	2.859330e-002	-1.073620e+000
8.355068126416620e-002	5.131555e-002	-1.150692e+000
8.357429125097726e-002	9.866661e-002	-1.255882e+000
8.361280413316029e-002	2.015541e-001	-1.427218e+000
8.365305235592305e-002	3.302605e-001	-1.605924e+000
8.369915986590119e-002	4.950444e-001	-1.810069e+000
8.376785985408823e-002	7.565768e-001	-2.112962e+000
8.386551610408823e-002	1.141609e+000	-2.540966e+000
8.406082860408821e-002	1.928159e+000	-3.385935e+000
8.425614110408820e-002	2.713900e+000	-4.211813e+000
8.445145360408819e-002	3.484635e+000	-5.014131e+000
8.464676610408818e-002	4.232827e+000	-5.788543e+000
8.484207860408817e-002	4.952674e+000	-6.530856e+000
8.503739110408816e-002	5.639267e+000	-7.237049e+000
8.523270360408815e-002	6.288248e+000	-7.903296e+000
8.542801610408814e-002	6.895667e+000	-8.525990e+000
8.562332860408813e-002	7.457930e+000	-9.101755e+000
8.581864110408811e-002	7.971767e+000	-9.627475e+000
8.591629735408811e-002	8.209590e+000	-9.870667e+000
8.601395360408810e-002	8.434224e+000	-1.010030e+001
8.611160985408810e-002	8.645349e+000	-1.031607e+001
8.620926610408809e-002	8.842665e+000	-1.051768e+001
8.630692235408809e-002	9.025896e+000	-1.070485e+001
8.640457860408808e-002	9.194782e+000	-1.087733e+001
8.659989110408807e-002	9.488588e+000	-1.117733e+001
8.689285985408805e-002	9.816449e+000	-1.151200e+001
8.718582860408804e-002	1.000535e+001	-1.170478e+001
8.747879735408802e-002	1.005292e+001	-1.175332e+001
8.777176610408800e-002	9.958574e+000	-1.165704e+001
8.806473485408799e-002	9.723492e+000	-1.141712e+001
8.835770360408797e-002	9.350640e+000	-1.103649e+001
8.865067235408795e-002	8.844726e+000	-1.051978e+001
8.894364110408794e-002	8.212167e+000	-9.873303e+000
8.923660985408792e-002	7.461040e+000	-9.104939e+000
8.952957860408790e-002	6.601041e+000	-8.224053e+000
8.982254735408789e-002	5.643487e+000	-7.241385e+000
9.011551610408787e-002	4.601413e+000	-6.168915e+000
9.040848485408785e-002	3.490021e+000	-5.019714e+000
9.070145360408784e-002	2.328340e+000	-3.807789e+000
9.089676610408783e-002	1.540026e+000	-2.972258e+000
9.099442235408782e-002	1.147825e+000	-2.547904e+000
9.109207860408781e-002	7.643867e-001	-2.119920e+000
9.118973485408781e-002	4.023491e-001	-1.689051e+000
9.125868432977607e-002	1.766461e-001	-1.383385e+000
9.129624169162399e-002	8.051813e-002	-1.216365e+000
9.132083635679596e-002	3.999901e-002	-1.106779e+000
9.135112669169565e-002	1.176813e-002	-9.716656e-001
9.136085961600796e-002	6.912470e-003	-9.282186e-001
9.137213571023910e-002	4.182875e-003	-8.778538e-001
9.138524986153705e-002	2.288938e-003	-8.192565e-001
9.139902125983847e-002	1.191854e-003	-7.576976e-001
9.141377700771097e-002	5.936921e-004	-6.917114e-001
9.143063946058500e-002	2.715588e-004	-6.162725e-001
9.145074216338790e-002	1.087487e-004	-5.262979e-001
9.147531628531058e-002	3.641844e-005	-4.162597e-001
9.150677070176382e-002	9.253621e-006	-2.753471e-001
9.154791008288825e-002	2.015382e-006	-9.096903e-002
9.161643374350592e-002	7.156283e-005	2.161846e-001
9.171408999350592e-002	1.219422e-003	6.538008e-001
9.175913817168462e-002	4.375249e-003	8.555283e-001
9.178020539298260e-002	9.502321e-003	9.497889e-001
9.179699471657130e-002	1.898044e-002	1.024859e+000
9.181614279408056e-002	3.831178e-002	1.110425e+000
9.183492888906071e-002	6.882018e-002	1.194311e+000
9.186476725224096e-002	1.379155e-001	1.327417e+000
9.190161648817952e-002	2.452487e-001	1.491580e+000
9.194225346735814e-002	3.823037e-001	1.672283e+000
9.199548225696391e-002	5.783872e-001	1.908320e+000
9.207581838715624e-002	8.898310e-001	2.263073e+000
9.217347463715624e-002	1.279395e+000	2.691763e+000
9.236878713715623e-002	2.072359e+000	3.538364e+000
9.266175588715621e-002	3.251644e+000	4.772174e+000
9.295472463715619e-002	4.388585e+000	5.949354e+000
9.324769338715618e-002	5.462678e+000	7.055558e+000
9.354066213715616e-002	6.457912e+000	8.077303e+000
9.383363088715614e-002	7.360610e+000	9.002133e+000
9.412659963715613e-002	8.158840e+000	9.818776e+000
9.441956838715611e-002	8.842276e+000	1.051727e+001
9.471253713715609e-002	9.402183e+000	1.108911e+001
9.500550588715608e-002	9.831462e+000	1.152732e+001
9.529847463715606e-002	1.012469e+001	1.182655e+001
9.559144338715604e-002	1.027819e+001	1.198315e+001
9.578675588715603e-002	1.030185e+001	1.200729e+001
9.607972463715601e-002	1.021903e+001	1.192280e+001
9.637269338715600e-002	9.995277e+000	1.169449e+001
9.656800588715599e-002	9.769124e+000	1.146369e+001
9.666566213715598e-002	9.633393e+000	1.132515e+001
9.676331838715598e-002	9.482807e+000	1.117143e+001
9.686097463715597e-002	9.317576e+000	1.100273e+001
9.695863088715596e-002	9.137932e+000	1.081927e+001
9.705628713715596e-002	8.944129e+000	1.062132e+001
9.715394338715595e-002	8.736439e+000	1.040914e+001
9.734925588715594e-002	8.280591e+000	9.943255e+000
9.754456838715593e-002	7.772976e+000	9.424132e+000
9.773988088715592e-002	7.216496e+000	8.854589e+000
9.793519338715591e-002	6.614364e+000	8.237707e+000
9.813050588715590e-002	5.970113e+000	7.576830e+000
9.832581838715589e-002	5.287605e+000	6.875538e+000
9.861878713715587e-002	4.201506e+000	5.756185e+000
9.891175588715585e-002	3.055515e+000	4.568125e+000
9.920472463715584e-002	1.871712e+000	3.325829e+000
9.930238088715583e-002	1.474845e+000	2.902276e+000
9.940003713715583e-002	1.081521e+000	2.474945e+000
9.949769338715582e-002	6.992654e-001	2.044413e+000
9.959534963715581e-002	3.422102e-001	1.611425e+000
9.965794248559161e-002	1.462159e-001	1.332813e+000
9.969488953886263e-002	6.044888e-002	1.167946e+000
9.971723192763028e-002	2.928585e-002	1.068104e+000
9.974515399357870e-002	8.966595e-003	9.432249e-001
9.975577093149148e-002	4.991919e-003	8.957157e-001
9.976783769156668e-002	2.880037e-003	8.416955e-001
9.978143952833786e-002	1.524597e-003	7.807851e-001
9.979572206631003e-002	7.773638e-004	7.168073e-001
9.981256306953500e-002	3.622770e-004	6.413454e-001
9.983462988033584e-002	1.411736e-004	5.424346e-001
9.986639521055439e-002	4.081428e-005	4.000022e-001
9.991712300726141e-002	7.182360e-006	1.724886e-001
1.000000000000000e-001	-1.014024e-005	-1.992409e-001
